1 0
2 0
3 0
4 1
5 0
6 1
7 1
8 0
9 1
10 0
11 0
12 1
13 0
14 0
15 1
16 0
17 0
18 1
19 1
20 0
21 0
22 0
23 0
24 1
25 0
26 0
27 0
28 0
29 0
30 1
31 0
32 1
33 0
34 0
35 0
36 1
37 0
38 0
39 0
40 0
41 0
42 0
43 0
44 1
45 0
46 1
47 1
48 0
49 1
50 0
51 0
52 0
53 0
54 1
55 1
56 1
57 0
58 0
59 1
60 1
61 1
62 0
63 1
64 0
65 0
66 1
67 1
68 0
69 1
70 0
71 1
72 0
73 0
74 1
75 1
76 1
77 1
78 0
79 1
80 0
81 1
82 0
83 0
84 1
85 0
86 0
87 1
88 0
89 0
90 0
91 1
92 0
93 1
94 0
95 0
96 0
97 0
98 0
99 1
100 1
101 1
102 0
103 0
104 0
105 0
106 0
107 0
108 0
109 0
110 0
111 0
112 0
113 0
114 1
115 1
116 1
117 0
118 0
119 0
120 0
121 1
122 0
123 1
124 1
125 0
126 0
127 1
128 1
129 1
130 0
131 0
132 1
133 0
134 0
135 0
136 1
137 0
138 0
139 0
140 1
141 1
142 0
143 0
144 1
145 0
146 1
147 1
148 0
149 0
150 0
151 0
152 0
153 0
154 0
155 0
156 1
157 1
158 1
159 0
160 0
161 0
162 0
163 0
164 0
165 0
166 1
167 0
168 0
169 0
170 0
171 0
172 0
173 0
174 1
175 0
176 1
177 0
178 1
179 0
180 0
181 0
182 1
183 0
184 0
185 0
186 0
187 0
188 1
189 1
190 1
191 0
192 0
193 1
194 0
195 0
196 0
197 0
198 1
199 1
200 1
201 0
202 0
203 0
204 0
205 0
206 1
207 0
208 0
209 0
210 1
211 0
212 0
213 1
214 1
215 0
216 0
217 1
218 1
219 1
220 0
221 1
222 0
223 0
224 0
225 0
