captANOR150_7_4 1 1 1 31
captANOR150_7_4 1 1 2 19
captANOR150_7_4 1 2 2 8
captANOR150_7_4 1 2 3 6
captANOR150_7_4 2 1 1 44
captANOR150_7_4 2 1 2 39
captANOR150_7_4 2 2 2 12
captANOR150_7_4 2 2 3 11
captANOR150_7_4 3 1 1 61
captANOR150_7_4 3 1 2 60
captANOR150_7_4 3 2 2 17
captANOR150_7_4 3 2 3 17
captANOR225_8_10 1 1 1 45
captANOR225_8_10 1 1 2 25
captANOR225_8_10 1 2 2 11
captANOR225_8_10 1 2 3 8
captANOR225_8_10 2 1 1 56
captANOR225_8_10 2 1 2 50
captANOR225_8_10 2 2 2 16
captANOR225_8_10 2 2 3 15
captANOR225_8_10 3 1 1 79
captANOR225_8_10 3 1 2 78
captANOR225_8_10 3 2 2 23
captANOR225_8_10 3 2 3 23
captANOR625_12_100 1 1 1 88
captANOR625_12_100 1 1 2 55
captANOR625_12_100 1 2 2 24
captANOR625_12_100 1 2 3 18
captANOR625_12_100 2 1 1 117
captANOR625_12_100 2 1 2 109
captANOR625_12_100 2 2 2 34
captANOR625_12_100 2 2 3 32
captANOR625_12_100 3 1 1 165
captANOR625_12_100 3 1 2 166
captANOR625_12_100 3 2 2 49
captANOR625_12_100 3 2 3 48
captANOR900_15_20 1 1 1 137
captANOR900_15_20 1 1 2 82
captANOR900_15_20 1 2 2 36
captANOR900_15_20 1 2 3 26
captANOR900_15_20 2 1 1 183
captANOR900_15_20 2 1 2 165
captANOR900_15_20 2 2 2 50
captANOR900_15_20 2 2 3 48
captANOR900_15_20 3 1 1 253
captANOR900_15_20 3 1 2 249
captANOR900_15_20 3 2 2 73
captANOR900_15_20 3 2 3 72
captANOR1500_15_100 1 1 1 137
captANOR1500_15_100 1 1 2 87
captANOR1500_15_100 1 2 2 36
captANOR1500_15_100 1 2 3 27
captANOR1500_15_100 2 1 1 184
captANOR1500_15_100 2 1 2 170
captANOR1500_15_100 2 2 2 53
captANOR1500_15_100 2 2 3 50
captANOR1500_15_100 3 1 1 255
captANOR1500_15_100 3 1 2 253
captANOR1500_15_100 3 2 2 75
captANOR1500_15_100 3 2 3 74
captANOR1500_18_100 1 1 1 196
captANOR1500_18_100 1 1 2 121
captANOR1500_18_100 1 2 2 53
captANOR1500_18_100 1 2 3 38
captANOR1500_18_100 2 1 1 259
captANOR1500_18_100 2 1 2 237
captANOR1500_18_100 2 2 2 71
captANOR1500_18_100 2 2 3 69
captANOR1500_18_100 3 1 1 354
captANOR1500_18_100 3 1 2 352
captANOR1500_18_100 3 2 2 102
captANOR1500_18_100 3 2 3 103
