captANOR150_7_4 1 1 1 18.589083300833714
captANOR150_7_4 1 1 2 18.499999999999996
captANOR150_7_4 1 1 2 5.5
captANOR150_7_4 1 1 3 5.4999999999999964
captANOR150_7_4 2 2 1 39.0
captANOR150_7_4 2 2 2 38.99999999999999
captANOR150_7_4 2 2 2 10.999999999999996
captANOR150_7_4 2 2 3 11.0
captANOR150_7_4 3 3 1 59.99999999999999
captANOR150_7_4 3 3 2 60.0
captANOR150_7_4 3 3 2 16.999999999999993
captANOR150_7_4 3 3 3 17.000000000000004
captANOR225_8_10 1 1 1 24.511052511854867
captANOR225_8_10 1 1 2 24.499999999999993
captANOR225_8_10 1 1 2 7.499999999999999
captANOR225_8_10 1 1 3 7.499999999999999
captANOR225_8_10 2 2 1 49.83542195980203
captANOR225_8_10 2 2 2 49.83333333333334
captANOR225_8_10 2 2 2 15.000000000000002
captANOR225_8_10 2 2 3 14.999999999999996
captANOR225_8_10 3 3 1 77.33511269276394
captANOR225_8_10 3 3 2 77.33333333333331
captANOR225_8_10 3 3 2 22.499999999999993
captANOR225_8_10 3 3 3 22.49999999999999
captANOR625_12_100 1 1 1 52.676555837431756
captANOR625_12_100 1 1 2 52.67620967741933
captANOR625_12_100 1 1 2 15.234188544152746
captANOR625_12_100 1 1 3 15.234188544152747
captANOR625_12_100 2 2 1 105.88530555618706
captANOR625_12_100 2 2 2 105.88522318515908
captANOR625_12_100 2 2 2 30.46837708830548
captANOR625_12_100 2 2 3 30.468377088305488
captANOR625_12_100 3 3 1 161.49835676727164
captANOR625_12_100 3 3 2 161.49510542168673
captANOR625_12_100 3 3 2 45.728109231225886
captANOR625_12_100 3 3 3 45.72810923122586
captANOR900_15_20 1 1 1 80.01770447651856
captANOR900_15_20 1 1 2 79.9523037896044
captANOR900_15_20 1 1 2 21.829961297871108
captANOR900_15_20 1 1 3 21.829961297871037
captANOR900_15_20 2 2 1 160.94144551539185
captANOR900_15_20 2 2 2 160.81132754753523
captANOR900_15_20 2 2 2 43.69324327981895
captANOR900_15_20 2 2 3 43.69324327981896
captANOR900_15_20 3 3 1 244.3783471849534
captANOR900_15_20 3 3 2 244.28612074727752
captANOR900_15_20 3 3 2 65.65135151682092
captANOR900_15_20 3 3 3 65.65135151682087
captANOR1500_15_100 1 1 1 79.05671748535049
captANOR1500_15_100 1 1 2 79.05664943244831
