1 0
2 0
3 0
4 0
5 0
6 0
7 0
8 0
9 0
10 0
11 0
12 0
13 0
14 1
15 0
16 0
17 0
18 0
19 1
20 1
21 1
22 0
23 0
24 0
25 0
26 0
27 0
28 0
29 0
30 0
31 0
32 0
33 1
34 0
35 1
36 0
37 0
38 0
39 1
40 0
41 1
42 1
43 1
44 0
45 0
46 0
47 1
48 0
49 1
50 0
51 0
52 0
53 1
54 1
55 1
56 0
57 1
58 1
59 0
60 0
61 0
62 1
63 0
64 0
65 1
66 0
67 0
68 0
69 1
70 0
71 0
72 0
73 0
74 1
75 0
76 0
77 0
78 1
79 0
80 0
81 0
82 1
83 0
84 0
85 0
86 0
87 0
88 0
89 0
90 1
91 0
92 1
93 1
94 0
95 1
96 0
97 0
98 1
99 0
100 0
101 0
102 0
103 0
104 0
105 0
106 1
107 1
108 1
109 0
110 0
111 0
112 0
113 0
114 1
115 0
116 0
117 0
118 0
119 0
120 1
121 1
122 0
123 0
124 0
125 1
126 1
127 1
128 0
129 0
130 0
131 0
132 0
133 0
134 0
135 0
136 0
137 0
138 0
139 0
140 0
141 0
142 0
143 0
144 0
145 0
146 1
147 0
148 0
149 1
150 0
