1 0
2 0
3 0
4 0
5 0
6 0
7 0
8 0
9 0
10 1
11 0
12 1
13 1
14 0
15 0
16 0
17 1
18 0
19 0
20 1
21 0
22 0
23 0
24 0
25 0
26 0
27 0
28 0
29 0
30 0
31 1
32 0
33 0
34 0
35 0
36 0
37 0
38 0
39 0
40 1
41 1
42 1
43 0
44 0
45 0
46 0
47 1
48 0
49 1
50 0
51 0
52 0
53 0
54 1
55 0
56 0
57 0
58 0
59 1
60 1
61 1
62 1
63 0
64 0
65 1
66 0
67 0
68 1
69 0
70 1
71 1
72 0
73 0
74 0
75 1
76 0
77 0
78 1
79 0
80 0
81 0
82 1
83 0
84 0
85 0
86 0
87 0
88 0
89 0
90 0
91 1
92 1
93 1
94 0
95 0
96 0
97 0
98 0
99 0
100 0
101 0
102 1
103 0
104 1
105 1
106 1
107 1
108 1
109 1
110 1
111 0
112 1
113 0
114 0
115 0
116 0
117 0
118 0
119 0
120 1
121 1
122 1
123 1
124 0
125 0
126 1
127 1
128 0
129 0
130 0
131 1
132 0
133 0
134 0
135 0
136 0
137 0
138 0
139 0
140 0
141 0
142 0
143 0
144 0
145 0
146 0
147 1
148 1
149 0
150 0
