1 0
2 0
3 0
4 0
5 0
6 1
7 0
8 0
9 0
10 0
11 0
12 1
13 0
14 0
15 1
16 0
17 1
18 0
19 0
20 0
21 0
22 1
23 0
24 0
25 0
26 0
27 1
28 1
29 0
30 0
31 0
32 0
33 0
34 0
35 0
36 0
37 0
38 0
39 0
40 0
41 0
42 1
43 1
44 1
45 0
46 0
47 0
48 0
49 1
50 0
51 1
52 1
53 1
54 1
55 0
56 0
57 0
58 0
59 1
60 0
61 0
62 0
63 1
64 1
65 0
66 0
67 1
68 1
69 1
70 0
71 0
72 1
73 1
74 0
75 0
76 1
77 1
78 1
79 0
80 0
81 1
82 0
83 0
84 0
85 0
86 0
87 0
88 0
89 0
90 0
91 0
92 0
93 0
94 0
95 0
96 0
97 0
98 1
99 1
100 0
101 0
102 1
103 0
104 0
105 0
106 1
107 0
108 0
109 1
110 0
111 0
112 0
113 0
114 0
115 0
116 0
117 0
118 0
119 0
120 1
121 0
122 0
123 0
124 1
125 1
126 0
127 1
128 0
129 0
130 0
131 0
132 1
133 0
134 1
135 0
136 0
137 1
138 0
139 1
140 1
141 0
142 1
143 0
144 1
145 0
146 0
147 0
148 0
149 0
150 1
151 1
152 1
153 0
154 0
155 0
156 0
157 1
158 0
159 0
160 0
161 1
162 0
163 0
164 0
165 1
166 0
167 1
168 0
169 0
170 0
171 1
172 0
173 0
174 0
175 0
176 0
177 0
178 0
179 0
180 0
181 0
182 0
183 0
184 0
185 0
186 0
187 0
188 0
189 0
190 1
191 0
192 0
193 1
194 0
195 0
196 0
197 0
198 0
199 1
200 0
201 1
202 0
203 0
204 0
205 1
206 0
207 0
208 1
209 0
210 0
211 0
212 0
213 0
214 0
215 0
216 0
217 0
218 0
219 0
220 1
221 1
222 0
223 1
224 1
225 0
226 0
227 0
228 0
229 0
230 0
231 1
232 0
233 0
234 0
235 0
236 1
237 1
238 1
239 0
240 0
241 0
242 0
243 0
244 0
245 0
246 1
247 1
248 0
249 0
250 0
251 0
252 0
253 1
254 0
255 0
256 0
257 0
258 0
259 0
260 0
261 0
262 0
263 1
264 0
265 1
266 0
267 0
268 0
269 1
270 0
271 0
272 0
273 0
274 1
275 0
276 0
277 0
278 1
279 0
280 1
281 1
282 0
283 0
284 0
285 0
286 0
287 0
288 0
289 0
290 1
291 0
292 0
293 0
294 0
295 1
296 1
297 0
298 0
299 1
300 0
301 0
302 0
303 0
304 0
305 0
306 0
307 1
308 1
309 0
310 0
311 1
312 1
313 1
314 0
315 1
316 0
317 0
318 0
319 0
320 0
321 0
322 0
323 0
324 0
325 0
326 0
327 1
328 0
329 0
330 1
331 0
332 1
333 0
334 1
335 0
336 0
337 0
338 1
339 0
340 0
341 0
342 0
343 1
344 0
345 1
346 0
347 0
348 1
349 0
350 0
351 1
352 0
353 0
354 0
355 0
356 1
357 0
358 0
359 0
360 0
361 0
362 0
363 0
364 0
365 1
366 0
367 0
368 0
369 0
370 1
371 0
372 0
373 0
374 1
375 0
376 0
377 0
378 0
379 0
380 0
381 0
382 1
383 0
384 0
385 0
386 0
387 0
388 0
389 0
390 0
391 0
392 0
393 1
394 0
395 0
396 0
397 1
398 0
399 0
400 1
401 0
402 0
403 0
404 0
405 0
406 1
407 1
408 0
409 0
410 0
411 0
412 1
413 1
414 1
415 0
416 1
417 0
418 0
419 0
420 0
421 0
422 0
423 0
424 0
425 1
426 1
427 0
428 0
429 0
430 0
431 0
432 0
433 0
434 1
435 0
436 0
437 0
438 0
439 0
440 1
441 0
442 0
443 0
444 1
445 0
446 0
447 1
448 0
449 0
450 0
451 0
452 0
453 0
454 1
455 1
456 0
457 0
458 0
459 1
460 1
461 0
462 0
463 1
464 0
465 0
466 0
467 0
468 0
469 0
470 0
471 0
472 0
473 0
474 1
475 0
476 0
477 0
478 1
479 0
480 0
481 0
482 1
483 0
484 0
485 0
486 0
487 0
488 0
489 1
490 0
491 0
492 1
493 1
494 1
495 0
496 0
497 1
498 0
499 0
500 1
501 0
502 1
503 0
504 0
505 0
506 1
507 0
508 0
509 0
510 0
511 0
512 0
513 0
514 1
515 0
516 0
517 0
518 1
519 0
520 0
521 0
522 0
523 0
524 1
525 0
526 1
527 0
528 0
529 0
530 0
531 0
532 0
533 0
534 0
535 0
536 0
537 0
538 0
539 0
540 0
541 0
542 1
543 0
544 0
545 0
546 1
547 0
548 1
549 0
550 0
551 1
552 1
553 1
554 1
555 0
556 0
557 0
558 0
559 0
560 1
561 0
562 0
563 0
564 1
565 0
566 1
567 0
568 0
569 0
570 0
571 0
572 1
573 0
574 0
575 0
576 1
577 0
578 1
579 0
580 1
581 0
582 0
583 0
584 1
585 0
586 1
587 1
588 1
589 0
590 0
591 0
592 0
593 0
594 0
595 0
596 1
597 0
598 0
599 0
600 0
601 0
602 0
603 1
604 0
605 1
606 1
607 0
608 1
609 1
610 0
611 1
612 0
613 0
614 0
615 1
616 0
617 1
618 0
619 1
620 0
621 1
622 0
623 0
624 0
625 0
626 0
627 0
628 0
629 0
630 0
631 0
632 0
633 0
634 0
635 0
636 0
637 0
638 1
639 1
640 1
641 0
642 1
643 0
644 0
645 0
646 1
647 0
648 1
649 0
650 0
651 0
652 1
653 0
654 0
655 1
656 0
657 0
658 0
659 0
660 0
661 1
662 0
663 0
664 0
665 1
666 0
667 1
668 0
669 0
670 0
671 0
672 0
673 1
674 0
675 0
676 0
677 0
678 1
679 1
680 0
681 0
682 0
683 0
684 0
685 0
686 0
687 0
688 0
689 0
690 0
691 0
692 1
693 0
694 1
695 0
696 0
697 0
698 0
699 1
700 0
701 0
702 0
703 0
704 0
705 0
706 0
707 0
708 0
709 1
710 0
711 1
712 1
713 0
714 1
715 0
716 0
717 0
718 0
719 0
720 0
721 0
722 0
723 1
724 0
725 0
726 0
727 1
728 0
729 0
730 0
731 0
732 0
733 0
734 0
735 0
736 0
737 0
738 0
739 0
740 1
741 1
742 1
743 0
744 1
745 1
746 0
747 0
748 0
749 0
750 0
751 0
752 0
753 0
754 1
755 1
756 0
757 0
758 0
759 0
760 0
761 0
762 0
763 1
764 0
765 0
766 0
767 0
768 0
769 0
770 0
771 0
772 1
773 0
774 0
775 0
776 0
777 0
778 1
779 0
780 0
781 0
782 0
783 0
784 0
785 1
786 1
787 0
788 1
789 0
790 0
791 0
792 1
793 0
794 0
795 0
796 1
797 1
798 1
799 0
800 1
801 0
802 1
803 0
804 0
805 1
806 0
807 0
808 0
809 0
810 0
811 1
812 0
813 0
814 0
815 0
816 0
817 0
818 0
819 0
820 0
821 0
822 0
823 0
824 0
825 0
826 0
827 0
828 0
829 1
830 1
831 0
832 1
833 1
834 0
835 1
836 1
837 0
838 1
839 0
840 0
841 0
842 0
843 1
844 0
845 1
846 0
847 0
848 0
849 0
850 0
851 1
852 0
853 0
854 0
855 0
856 0
857 1
858 0
859 0
860 0
861 0
862 1
863 1
864 0
865 0
866 1
867 0
868 0
869 1
870 0
871 0
872 0
873 0
874 0
875 0
876 0
877 0
878 0
879 0
880 0
881 1
882 0
883 0
884 1
885 0
886 0
887 0
888 1
889 0
890 1
891 1
892 0
893 0
894 0
895 0
896 0
897 0
898 0
899 0
900 0
901 0
902 0
903 1
904 0
905 0
906 1
907 0
908 1
909 0
910 0
911 0
912 0
913 1
914 0
915 0
916 0
917 0
918 0
919 0
920 0
921 1
922 0
923 1
924 0
925 0
926 0
927 0
928 0
929 1
930 0
931 0
932 0
933 0
934 0
935 0
936 0
937 0
938 1
939 0
940 0
941 0
942 1
943 1
944 0
945 0
946 0
947 1
948 0
949 1
950 0
951 0
952 0
953 0
954 0
955 0
956 0
957 0
958 0
959 0
960 1
961 0
962 0
963 1
964 1
965 0
966 0
967 0
968 0
969 1
970 0
971 0
972 0
973 0
974 1
975 1
976 0
977 1
978 0
979 0
980 0
981 0
982 0
983 0
984 0
985 0
986 0
987 0
988 0
989 0
990 0
991 1
992 0
993 0
994 1
995 1
996 1
997 1
998 0
999 0
1000 0
1001 0
1002 0
1003 0
1004 0
1005 0
1006 0
1007 0
1008 0
1009 0
1010 0
1011 0
1012 0
1013 0
1014 0
1015 0
1016 0
1017 1
1018 0
1019 0
1020 0
1021 1
1022 1
1023 0
1024 0
1025 1
1026 0
1027 0
1028 1
1029 0
1030 0
1031 0
1032 1
1033 0
1034 0
1035 1
1036 0
1037 0
1038 1
1039 1
1040 0
1041 1
1042 0
1043 0
1044 0
1045 0
1046 0
1047 0
1048 0
1049 0
1050 1
1051 1
1052 0
1053 0
1054 0
1055 0
1056 1
1057 1
1058 0
1059 0
1060 1
1061 1
1062 0
1063 0
1064 0
1065 0
1066 0
1067 1
1068 0
1069 0
1070 0
1071 0
1072 0
1073 0
1074 0
1075 0
1076 0
1077 0
1078 0
1079 0
1080 0
1081 1
1082 0
1083 0
1084 0
1085 1
1086 0
1087 0
1088 0
1089 1
1090 0
1091 0
1092 1
1093 0
1094 0
1095 0
1096 0
1097 0
1098 0
1099 0
1100 0
1101 0
1102 0
1103 0
1104 0
1105 0
1106 0
1107 0
1108 0
1109 0
1110 0
1111 1
1112 0
1113 0
1114 0
1115 0
1116 0
1117 1
1118 0
1119 0
1120 1
1121 0
1122 0
1123 0
1124 0
1125 0
1126 0
1127 0
1128 1
1129 0
1130 0
1131 0
1132 0
1133 1
1134 0
1135 0
1136 0
1137 0
1138 0
1139 1
1140 0
1141 0
1142 0
1143 0
1144 0
1145 0
1146 0
1147 1
1148 0
1149 0
1150 0
1151 0
1152 0
1153 0
1154 0
1155 1
1156 0
1157 0
1158 0
1159 0
1160 0
1161 0
1162 1
1163 0
1164 0
1165 0
1166 1
1167 1
1168 0
1169 0
1170 0
1171 1
1172 0
1173 0
1174 0
1175 0
1176 0
1177 0
1178 0
1179 0
1180 1
1181 0
1182 0
1183 1
1184 0
1185 1
1186 0
1187 0
1188 0
1189 0
1190 0
1191 0
1192 1
1193 0
1194 0
1195 1
1196 0
1197 0
1198 0
1199 0
1200 1
1201 0
1202 0
1203 0
1204 1
1205 0
1206 1
1207 0
1208 0
1209 0
1210 0
1211 0
1212 0
1213 0
1214 0
1215 0
1216 0
1217 0
1218 0
1219 0
1220 0
1221 1
1222 0
1223 0
1224 0
1225 0
1226 0
1227 0
1228 0
1229 0
1230 0
1231 0
1232 0
1233 0
1234 0
1235 0
1236 1
1237 0
1238 1
1239 0
1240 0
1241 0
1242 0
1243 0
1244 0
1245 0
1246 0
1247 0
1248 0
1249 0
1250 0
1251 0
1252 0
1253 1
1254 1
1255 0
1256 0
1257 0
1258 0
1259 0
1260 0
1261 0
1262 0
1263 0
1264 0
1265 1
1266 1
1267 0
1268 0
1269 0
1270 0
1271 0
1272 0
1273 1
1274 0
1275 0
1276 0
1277 0
1278 0
1279 0
1280 0
1281 0
1282 0
1283 1
1284 0
1285 0
1286 0
1287 0
1288 0
1289 0
1290 0
1291 0
1292 0
1293 0
1294 0
1295 0
1296 0
1297 0
1298 0
1299 0
1300 0
1301 0
1302 1
1303 0
1304 0
1305 0
1306 0
1307 0
1308 0
1309 0
1310 0
1311 0
1312 0
1313 0
1314 0
1315 0
1316 0
1317 0
1318 0
1319 1
1320 1
1321 0
1322 0
1323 0
1324 1
1325 0
1326 1
1327 0
1328 0
1329 1
1330 1
1331 0
1332 0
1333 0
1334 1
1335 1
1336 0
1337 0
1338 0
1339 1
1340 0
1341 1
1342 0
1343 0
1344 1
1345 0
1346 1
1347 1
1348 1
1349 1
1350 0
1351 0
1352 0
1353 0
1354 0
1355 0
1356 0
1357 0
1358 0
1359 1
1360 0
1361 0
1362 1
1363 0
1364 0
1365 1
1366 0
1367 1
1368 0
1369 0
1370 0
1371 0
1372 0
1373 0
1374 0
1375 0
1376 0
1377 1
1378 1
1379 0
1380 0
1381 0
1382 0
1383 1
1384 0
1385 1
1386 0
1387 1
1388 0
1389 1
1390 1
1391 0
1392 1
1393 1
1394 0
1395 1
1396 0
1397 0
1398 0
1399 0
1400 0
1401 0
1402 1
1403 1
1404 0
1405 0
1406 1
1407 0
1408 1
1409 0
1410 0
1411 0
1412 1
1413 1
1414 0
1415 0
1416 0
1417 0
1418 1
1419 0
1420 0
1421 0
1422 0
1423 0
1424 1
1425 0
1426 0
1427 0
1428 0
1429 0
1430 0
1431 0
1432 1
1433 1
1434 0
1435 0
1436 0
1437 0
1438 0
1439 0
1440 1
1441 0
1442 1
1443 0
1444 0
1445 0
1446 1
1447 1
1448 0
1449 0
1450 1
1451 1
1452 0
1453 0
1454 0
1455 0
1456 1
1457 0
1458 0
1459 0
1460 0
1461 0
1462 0
1463 0
1464 0
1465 0
1466 0
1467 1
1468 1
1469 0
1470 0
1471 0
1472 0
1473 0
1474 0
1475 0
1476 1
1477 0
1478 0
1479 0
1480 1
1481 0
1482 0
1483 0
1484 0
1485 1
1486 0
1487 0
1488 1
1489 0
1490 0
1491 0
1492 0
1493 0
1494 0
1495 0
1496 0
1497 0
1498 0
1499 0
1500 0
