1 0
2 0
3 1
4 0
5 0
6 0
7 0
8 0
9 0
10 0
11 0
12 0
13 0
14 1
15 0
16 0
17 0
18 0
19 1
20 1
21 0
22 1
23 0
24 1
25 0
26 1
27 0
28 0
29 0
30 0
31 0
32 0
33 0
34 0
35 0
36 1
37 0
38 0
39 0
40 0
41 1
42 1
43 1
44 0
45 0
46 0
47 1
48 1
49 1
50 1
51 0
52 1
53 0
54 0
55 0
56 1
57 1
58 0
59 1
60 1
61 0
62 1
63 1
64 1
65 1
66 1
67 0
68 1
69 0
70 1
71 1
72 0
73 0
74 0
75 0
76 1
77 0
78 1
79 1
80 0
81 1
82 1
83 1
84 0
85 0
86 1
87 0
88 1
89 0
90 1
91 1
92 1
93 1
94 1
95 1
96 0
97 0
98 1
99 0
100 0
101 0
102 1
103 1
104 0
105 0
106 0
107 1
108 0
109 1
110 0
111 0
112 1
113 0
114 0
115 0
116 0
117 1
118 1
119 0
120 1
121 0
122 0
123 1
124 0
125 0
126 1
127 1
128 1
129 0
130 0
131 1
132 1
133 0
134 0
135 0
136 1
137 0
138 0
139 0
140 0
141 0
142 0
143 0
144 0
145 0
146 1
147 1
148 0
149 1
150 0
