1 0
2 1
3 0
4 0
5 0
6 0
7 0
8 0
9 0
10 0
11 1
12 1
13 0
14 0
15 1
16 0
17 0
18 0
19 0
20 0
21 0
22 0
23 1
24 0
25 0
26 0
27 1
28 1
29 1
30 0
31 1
32 1
33 0
34 0
35 0
36 0
37 1
38 1
39 0
40 0
41 0
42 0
43 0
44 1
45 0
46 0
47 0
48 1
49 0
50 0
51 0
52 0
53 1
54 0
55 0
56 0
57 0
58 0
59 1
60 0
61 1
62 0
63 1
64 0
65 0
66 0
67 0
68 0
69 0
70 0
71 1
72 1
73 0
74 0
75 1
76 0
77 0
78 0
79 1
80 1
81 1
82 1
83 0
84 1
85 0
86 0
87 0
88 0
89 1
90 0
91 0
92 0
93 0
94 1
95 1
96 1
97 1
98 0
99 1
100 0
101 0
102 1
103 1
104 0
105 0
106 1
107 0
108 0
109 0
110 0
111 0
112 0
113 0
114 0
115 0
116 1
117 1
118 0
119 0
120 1
121 0
122 0
123 0
124 1
125 0
126 1
127 0
128 0
129 1
130 0
131 0
132 0
133 0
134 0
135 1
136 0
137 1
138 0
139 0
140 0
141 0
142 0
143 0
144 0
145 1
146 0
147 1
148 0
149 0
150 0
151 0
152 1
153 0
154 0
155 0
156 0
157 0
158 0
159 1
160 0
161 1
162 0
163 0
164 0
165 0
166 0
167 1
168 0
169 0
170 1
171 1
172 0
173 1
174 0
175 0
176 0
177 1
178 0
179 0
180 0
181 0
182 0
183 0
184 0
185 1
186 0
187 0
188 0
189 0
190 0
191 0
192 0
193 1
194 0
195 1
196 0
197 0
198 0
199 0
200 0
201 0
202 0
203 0
204 0
205 0
206 0
207 0
208 1
209 0
210 1
211 0
212 0
213 0
214 0
215 1
216 0
217 1
218 1
219 0
220 0
221 1
222 0
223 1
224 0
225 0
226 0
227 0
228 1
229 0
230 0
231 0
232 0
233 0
234 0
235 0
236 0
237 0
238 0
239 0
240 1
241 0
242 0
243 0
244 0
245 0
246 1
247 0
248 0
249 1
250 1
251 0
252 0
253 1
254 1
255 1
256 0
257 0
258 0
259 0
260 0
261 0
262 1
263 1
264 1
265 1
266 1
267 0
268 0
269 1
270 0
271 1
272 1
273 0
274 0
275 1
276 0
277 1
278 0
279 1
280 0
281 0
282 0
283 0
284 1
285 0
286 0
287 1
288 0
289 1
290 0
291 0
292 0
293 1
294 0
295 1
296 1
297 0
298 0
299 0
300 1
301 1
302 1
303 0
304 0
305 0
306 0
307 0
308 0
309 0
310 0
311 0
312 0
313 0
314 0
315 0
316 0
317 0
318 0
319 0
320 1
321 1
322 0
323 0
324 1
325 0
326 0
327 0
328 0
329 0
330 1
331 0
332 0
333 1
334 1
335 0
336 1
337 0
338 0
339 0
340 1
341 1
342 1
343 1
344 0
345 0
346 0
347 0
348 0
349 0
350 1
351 0
352 1
353 1
354 0
355 0
356 1
357 1
358 0
359 1
360 0
361 0
362 0
363 1
364 0
365 0
366 0
367 0
368 0
369 0
370 0
371 1
372 0
373 0
374 1
375 0
376 0
377 0
378 0
379 0
380 0
381 0
382 0
383 1
384 0
385 0
386 0
387 0
388 0
389 1
390 0
391 0
392 0
393 1
394 0
395 0
396 0
397 1
398 0
399 0
400 0
401 0
402 1
403 0
404 0
405 0
406 0
407 0
408 1
409 1
410 1
411 0
412 0
413 0
414 0
415 1
416 1
417 0
418 0
419 0
420 0
421 1
422 0
423 1
424 1
425 0
426 1
427 0
428 0
429 0
430 0
431 0
432 1
433 0
434 0
435 1
436 1
437 0
438 0
439 1
440 1
441 0
442 0
443 0
444 0
445 1
446 0
447 0
448 0
449 0
450 0
451 0
452 1
453 0
454 0
455 1
456 0
457 0
458 0
459 0
460 1
461 1
462 1
463 1
464 0
465 1
466 0
467 0
468 1
469 1
470 0
471 1
472 1
473 0
474 0
475 1
476 0
477 0
478 0
479 0
480 0
481 0
482 0
483 0
484 0
485 1
486 0
487 0
488 1
489 0
490 0
491 0
492 0
493 0
494 0
495 0
496 0
497 0
498 0
499 0
500 0
501 1
502 0
503 0
504 0
505 0
506 1
507 0
508 0
509 1
510 1
511 0
512 0
513 0
514 1
515 0
516 1
517 0
518 1
519 1
520 0
521 0
522 0
523 0
524 0
525 1
526 0
527 0
528 0
529 0
530 0
531 0
532 0
533 0
534 0
535 0
536 1
537 0
538 0
539 0
540 0
541 0
542 0
543 1
544 0
545 1
546 1
547 0
548 1
549 0
550 0
551 1
552 0
553 0
554 0
555 0
556 0
557 0
558 1
559 0
560 0
561 0
562 0
563 0
564 0
565 0
566 0
567 1
568 1
569 1
570 0
571 1
572 0
573 0
574 0
575 1
576 1
577 0
578 0
579 0
580 0
581 0
582 0
583 0
584 0
585 0
586 1
587 0
588 0
589 1
590 0
591 1
592 0
593 1
594 0
595 1
596 0
597 0
598 1
599 0
600 1
601 0
602 0
603 0
604 0
605 0
606 1
607 0
608 0
609 0
610 0
611 0
612 0
613 1
614 0
615 0
616 0
617 1
618 0
619 1
620 0
621 0
622 0
623 0
624 1
625 0
626 0
627 1
628 1
629 0
630 1
631 0
632 0
633 1
634 0
635 1
636 1
637 0
638 1
639 0
640 0
641 0
642 1
643 0
644 1
645 1
646 0
647 0
648 0
649 0
650 0
651 1
652 1
653 0
654 0
655 0
656 1
657 0
658 0
659 1
660 0
661 0
662 0
663 0
664 0
665 1
666 0
667 0
668 0
669 0
670 1
671 0
672 1
673 0
674 1
675 0
676 0
677 0
678 1
679 0
680 0
681 1
682 0
683 1
684 0
685 0
686 0
687 0
688 0
689 0
690 1
691 1
692 0
693 0
694 1
695 0
696 0
697 1
698 1
699 0
700 0
701 0
702 0
703 0
704 1
705 1
706 0
707 0
708 0
709 1
710 0
711 1
712 0
713 0
714 0
715 1
716 0
717 0
718 1
719 1
720 0
721 1
722 0
723 0
724 0
725 0
726 0
727 1
728 0
729 0
730 0
731 0
732 1
733 0
734 0
735 0
736 0
737 0
738 0
739 0
740 0
741 0
742 0
743 0
744 0
745 0
746 1
747 0
748 0
749 0
750 1
751 0
752 0
753 0
754 0
755 0
756 0
757 0
758 0
759 0
760 1
761 0
762 1
763 0
764 0
765 1
766 0
767 0
768 0
769 0
770 0
771 0
772 0
773 1
774 1
775 0
776 0
777 1
778 0
779 0
780 1
781 1
782 0
783 0
784 0
785 0
786 1
787 1
788 0
789 0
790 0
791 0
792 1
793 0
794 1
795 0
796 1
797 0
798 0
799 0
800 0
801 0
802 0
803 0
804 0
805 1
806 0
807 0
808 0
809 0
810 0
811 0
812 0
813 0
814 1
815 1
816 0
817 0
818 1
819 0
820 0
821 0
822 0
823 0
824 0
825 1
826 0
827 1
828 0
829 0
830 0
831 1
832 0
833 0
834 1
835 1
836 0
837 0
838 0
839 0
840 0
841 0
842 1
843 0
844 0
845 1
846 0
847 0
848 0
849 0
850 1
851 0
852 0
853 1
854 1
855 0
856 0
857 0
858 0
859 0
860 0
861 0
862 0
863 1
864 0
865 1
866 0
867 0
868 0
869 0
870 0
871 0
872 0
873 0
874 0
875 0
876 0
877 0
878 0
879 0
880 0
881 1
882 0
883 1
884 0
885 0
886 0
887 0
888 1
889 0
890 0
891 0
892 0
893 0
894 1
895 0
896 1
897 0
898 0
899 0
900 0
