1 0
2 1
3 0
4 0
5 0
6 0
7 1
8 1
9 1
10 0
11 0
12 1
13 1
14 0
15 0
16 0
17 0
18 1
19 1
20 0
21 0
22 0
23 0
24 1
25 0
26 1
27 1
28 0
29 0
30 1
31 0
32 1
33 0
34 0
35 0
36 1
37 1
38 0
39 0
40 0
41 0
42 0
43 0
44 1
45 0
46 1
47 1
48 1
49 1
50 1
51 0
52 0
53 0
54 0
55 0
56 1
57 0
58 0
59 1
60 0
61 1
62 0
63 1
64 0
65 1
66 1
67 0
68 0
69 0
70 1
71 0
72 0
73 0
74 0
75 1
76 0
77 0
78 0
79 0
80 1
81 1
82 0
83 0
84 1
85 1
86 0
87 1
88 0
89 1
90 0
91 1
92 0
93 1
94 0
95 0
96 0
97 1
98 0
99 1
100 1
101 0
102 1
103 0
104 0
105 0
106 0
107 0
108 0
109 0
110 1
111 1
112 0
113 0
114 0
115 1
116 0
117 0
118 1
119 0
120 0
121 1
122 0
123 1
124 1
125 0
126 0
127 1
128 0
129 0
130 1
131 0
132 0
133 0
134 0
135 0
136 0
137 1
138 1
139 0
140 1
141 0
142 0
143 0
144 0
145 0
146 1
147 1
148 0
149 0
150 0
151 0
152 0
153 0
154 0
155 0
156 1
157 0
158 0
159 0
160 0
161 0
162 0
163 0
164 0
165 0
166 0
167 0
168 1
169 0
170 1
171 1
172 0
173 0
174 1
175 1
176 0
177 0
178 1
179 0
180 1
181 0
182 1
183 1
184 0
185 0
186 0
187 1
188 1
189 0
190 1
191 0
192 0
193 1
194 0
195 0
196 0
197 0
198 0
199 0
200 1
201 0
202 0
203 1
204 0
205 0
206 0
207 0
208 0
209 0
210 0
211 0
212 0
213 0
214 1
215 0
216 0
217 1
218 1
219 1
220 0
221 1
222 1
223 1
224 0
225 0
