1 0
2 1
3 1
4 0
5 0
6 0
7 0
8 0
9 0
10 0
11 0
12 1
13 0
14 0
15 0
16 0
17 0
18 0
19 0
20 0
21 0
22 1
23 0
24 1
25 0
26 0
27 0
28 1
29 1
30 1
31 1
32 0
33 1
34 0
35 0
36 0
37 0
38 0
39 0
40 0
41 1
42 1
43 1
44 1
45 0
46 0
47 1
48 0
49 1
50 1
51 1
52 0
53 0
54 0
55 0
56 0
57 0
58 1
59 0
60 1
61 0
62 1
63 1
64 1
65 1
66 0
67 0
68 0
69 0
70 1
71 1
72 0
73 0
74 0
75 0
76 0
77 0
78 1
79 1
80 0
81 1
82 1
83 1
84 0
85 1
86 1
87 0
88 1
89 1
90 0
91 1
92 0
93 0
94 1
95 1
96 0
97 1
98 1
99 0
100 0
101 0
102 1
103 1
104 0
105 0
106 1
107 1
108 0
109 1
110 0
111 0
112 0
113 0
114 1
115 1
116 0
117 1
118 1
119 0
120 1
121 0
122 0
123 0
124 0
125 0
126 1
127 1
128 1
129 0
130 1
131 0
132 0
133 0
134 1
135 0
136 1
137 0
138 0
139 1
140 0
141 0
142 0
143 0
144 0
145 0
146 1
147 1
148 1
149 0
150 0
