 0  0.00 0.00 
 1  3.79 3.42
 2  2.89 5.81
 3  4.51 0.64
 4  6.84 11.64
 5  6.19 5.15
 6  4.90 1.80
 7  7.04 7.58
 8  7.37 4.94
 9  1.29 10.46
 10  3.17 7.46
 11  8.05 4.30
 12  2.50 6.41
 13  4.61 10.13
 14  10.60 5.54
 15  7.81 9.27
 16  5.96 11.59
 17  0.69 8.84
 18  5.40 5.20
 19  9.49 0.25
 20  4.84 3.67
 21  5.40 9.74
 22  5.47 0.44
 23  5.31 0.84
 24  5.38 6.60
 25  11.30 8.55
 26  2.06 7.35
 27  0.84 4.56
 28  1.76 5.46
 29  2.69 0.36
 30  11.00 10.50
 31  9.63 4.95
 32  10.09 10.32
 33  1.80 3.50
 34  3.52 11.28
 35  3.74 8.36
 36  2.96 9.14
 37  6.09 8.43
 38  9.58 11.41
 39  9.27 2.96
 40  6.01 8.57
 41  11.50 8.06
 42  3.92 0.35
 43  0.62 5.68
 44  5.81 3.32
 45  6.04 4.80
 46  1.82 3.67
 47  9.76 11.91
 48  1.99 11.55
 49  3.40 5.51
 50  10.84 7.15
 51  1.87 1.79
 52  4.29 7.96
 53  10.23 1.87
 54  7.36 7.50
 55  4.83 1.37
 56  4.07 4.33
 57  9.43 7.99
 58  4.68 10.05
 59  1.67 10.49
 60  1.37 7.72
 61  3.29 3.18
 62  11.39 1.05
 63  3.09 1.38
 64  0.60 6.50
 65  6.89 11.44
 66  1.64 8.76
 67  1.23 5.93
 68  4.72 11.46
 69  7.80 0.08
 70  6.95 0.63
 71  1.44 11.02
 72  4.96 10.87
 73  7.01 9.64
 74  8.93 8.69
 75  8.13 10.30
 76  4.40 11.42
 77  1.48 3.79
 78  0.46 4.57
 79  5.18 1.06
 80  11.07 0.07
 81  0.50 0.72
 82  8.83 1.73
 83  6.65 1.55
 84  1.18 2.45
 85  1.63 8.14
 86  3.08 3.07
 87  7.16 8.04
 88  1.94 2.17
 89  5.68 10.87
 90  10.86 1.81
 91  9.17 3.27
 92  1.23 10.65
 93  7.06 1.69
 94  3.22 0.24
 95  2.75 2.29
 96  0.31 3.25
 97  3.01 9.14
 98  4.98 9.66
 99  10.69 6.17
 100  0.11 0.31
 101  2.31 3.19
 102  3.38 9.47
 103  11.24 5.33
 104  11.64 4.92
 105  4.20 10.50
 106  6.73 1.36
 107  1.77 7.96
 108  0.01 8.83
 109  9.65 3.23
 110  9.06 0.40
 111  5.53 9.37
 112  3.66 8.54
 113  6.51 8.64
 114  6.20 5.20
 115  2.81 6.31
 116  5.52 5.12
 117  9.51 8.90
 118  2.58 8.74
 119  2.23 2.22
 120  1.66 6.42
 121  0.73 8.39
 122  7.79 2.49
 123  4.35 7.80
 124  11.32 2.00
 125  11.03 8.38
 126  2.40 4.56
 127  5.76 6.06
 128  1.10 0.27
 129  2.70 7.30
 130  5.47 5.51
 131  1.61 10.99
 132  10.63 11.12
 133  7.89 1.22
 134  7.87 10.12
 135  3.44 9.53
 136  4.54 4.16
 137  5.92 0.33
 138  6.66 10.27
 139  8.12 5.98
 140  0.27 7.16
 141  2.36 2.68
 142  11.72 8.12
 143  8.74 0.82
 144  8.39 11.44
 145  8.12 1.86
 146  4.95 9.74
 147  0.85 3.59
 148  8.86 8.74
 149  4.80 4.72
 150  6.85 8.24
 151  2.25 11.39
 152  0.41 8.18
 153  11.72 7.07
 154  6.45 7.84
 155  1.04 6.72
 156  3.00 3.40
 157  9.40 2.71
 158  11.52 6.13
 159  3.53 7.91
 160  5.57 11.65
 161  9.77 10.53
 162  9.39 10.61
 163  2.12 6.25
 164  7.35 6.92
 165  10.97 2.21
 166  3.16 1.22
 167  1.60 3.57
 168  9.40 1.32
 169  10.63 3.85
 170  9.16 11.68
 171  10.57 0.15
 172  3.08 7.97
 173  2.87 2.60
 174  2.10 6.40
 175  10.51 7.67
 176  6.05 8.27
 177  6.20 3.44
 178  6.89 8.32
 179  9.69 2.24
 180  3.24 8.65
 181  4.44 6.40
 182  9.88 6.04
 183  9.97 7.27
 184  7.36 8.60
 185  11.12 4.51
 186  8.28 9.69
 187  4.67 11.36
 188  5.66 7.53
 189  1.96 7.76
 190  1.93 0.46
 191  3.43 7.98
 192  8.73 9.64
 193  11.42 3.62
 194  5.95 9.11
 195  5.86 9.19
 196  5.76 10.30
 197  3.59 3.64
 198  4.34 1.56
 199  10.91 11.70
 200  10.16 10.03
 201  4.21 6.44
 202  7.72 8.88
 203  5.80 1.38
 204  4.41 7.75
 205  9.14 6.34
 206  8.21 0.57
 207  2.32 4.95
 208  10.21 1.74
 209  8.56 4.16
 210  10.85 2.42
 211  1.35 4.61
 212  0.72 4.95
 213  8.25 5.07
 214  6.51 7.16
 215  4.77 4.67
 216  5.19 8.98
 217  11.11 0.92
 218  5.86 4.91
 219  2.30 10.27
 220  0.66 11.44
 221  4.61 8.87
 222  0.01 6.94
 223  1.82 10.22
 224  8.68 10.39
 225  2.39 7.53
 226  0.81 3.74
 227  0.14 1.53
 228  8.69 8.39
 229  6.59 3.19
 230  3.55 11.36
 231  7.86 8.75
 232  8.34 6.97
 233  9.66 2.20
 234  11.87 11.96
 235  0.47 0.53
 236  11.41 5.08
 237  9.41 11.42
 238  0.02 11.23
 239  9.64 8.70
 240  9.61 0.03
 241  4.23 10.42
 242  3.77 4.37
 243  11.95 0.45
 244  0.76 6.54
 245  3.64 4.31
 246  5.90 11.50
 247  1.06 2.24
 248  6.47 10.72
 249  4.44 6.34
 250  10.69 4.91
 251  6.87 10.09
 252  9.99 4.28
 253  9.51 10.01
 254  3.51 7.15
 255  6.71 1.12
 256  7.18 10.94
 257  11.54 10.95
 258  3.31 11.49
 259  11.40 4.07
 260  6.03 3.04
 261  8.39 11.93
 262  2.55 9.45
 263  2.17 9.02
 264  8.17 6.61
 265  3.36 6.86
 266  11.52 10.24
 267  4.95 9.52
 268  2.52 2.46
 269  7.53 6.02
 270  9.62 2.24
 271  7.14 4.80
 272  1.18 6.68
 273  3.75 4.49
 274  6.16 3.14
 275  8.56 0.19
 276  6.19 4.94
 277  0.12 8.74
 278  2.39 2.29
 279  5.75 10.56
 280  8.90 9.11
 281  5.42 8.42
 282  7.35 10.37
 283  5.94 9.87
 284  0.83 1.47
 285  3.89 10.45
 286  3.71 11.03
 287  3.25 4.88
 288  5.71 6.99
 289  9.37 11.87
 290  10.14 5.93
 291  0.06 4.32
 292  10.87 0.18
 293  1.06 1.26
 294  2.47 6.81
 295  11.81 11.38
 296  3.93 5.23
 297  7.80 11.28
 298  3.60 1.74
 299  9.15 4.43
 300  3.21 1.03
 301  2.87 6.92
 302  0.06 6.12
 303  11.80 5.77
 304  1.11 9.17
 305  5.64 11.25
 306  3.09 5.71
 307  3.57 1.96
 308  5.89 4.63
 309  3.22 8.36
 310  11.45 3.03
 311  7.74 3.37
 312  8.26 3.54
 313  2.65 11.86
 314  5.28 11.80
 315  4.29 8.49
 316  0.83 7.16
 317  3.41 0.90
 318  1.28 3.21
 319  6.67 2.39
 320  0.37 0.31
 321  1.64 3.46
 322  6.01 5.21
 323  5.42 11.90
 324  9.84 8.64
 325  8.26 9.29
 326  11.67 4.00
 327  0.66 7.94
 328  7.55 3.32
 329  7.80 0.83
 330  3.12 0.08
 331  9.32 3.95
 332  7.24 0.73
 333  4.84 8.52
 334  3.94 11.51
 335  10.91 4.31
 336  11.82 0.55
 337  7.78 5.83
 338  5.76 1.20
 339  5.73 3.60
 340  9.84 2.00
 341  0.89 9.52
 342  6.00 1.56
 343  5.45 1.55
 344  4.88 1.25
 345  2.38 7.99
 346  1.33 11.70
 347  11.94 8.57
 348  0.43 4.79
 349  5.10 4.37
 350  4.30 4.01
 351  8.68 4.11
 352  4.56 4.45
 353  9.94 10.32
 354  5.65 3.67
 355  1.92 3.49
 356  5.67 2.81
 357  1.01 11.67
 358  4.37 6.47
 359  1.22 9.25
 360  7.72 3.59
 361  5.24 9.05
 362  3.29 5.19
 363  5.62 3.72
 364  9.97 10.72
 365  8.09 2.27
 366  2.72 4.77
 367  6.38 7.28
 368  9.22 4.32
 369  5.60 2.87
 370  8.00 7.52
 371  6.36 1.67
 372  10.33 7.38
 373  1.33 2.71
 374  1.84 2.55
 375  11.96 9.56
 376  6.14 5.20
 377  6.61 9.43
 378  10.39 0.23
 379  1.15 8.36
 380  10.95 9.24
 381  10.63 1.67
 382  2.01 5.01
 383  8.95 11.22
 384  9.33 2.55
 385  2.10 5.33
 386  10.07 8.46
 387  6.99 8.40
 388  3.84 8.33
 389  11.11 5.68
 390  10.88 11.07
 391  3.24 5.02
 392  4.27 9.84
 393  2.46 2.66
 394  10.07 3.61
 395  11.02 9.02
 396  0.85 9.65
 397  10.69 2.86
 398  2.66 7.65
 399  2.09 11.99
 400  10.20 4.18
 401  5.32 8.27
 402  0.64 0.31
 403  4.67 4.48
 404  8.64 3.78
 405  10.16 7.52
 406  2.85 1.39
 407  0.54 7.12
 408  11.24 3.00
 409  9.78 9.31
 410  6.61 8.80
 411  6.33 7.46
 412  6.44 5.02
 413  10.32 9.10
 414  0.67 0.41
 415  9.09 10.87
 416  4.59 2.40
 417  7.14 5.23
 418  2.72 11.82
 419  9.71 11.35
 420  3.60 7.86
 421  6.87 6.45
 422  9.26 7.41
 423  1.57 8.49
 424  10.41 11.35
 425  5.80 5.02
 426  8.14 0.13
 427  0.48 2.59
 428  5.15 10.80
 429  11.69 5.82
 430  11.21 8.77
 431  4.70 3.80
 432  11.18 11.84
 433  9.03 1.89
 434  11.65 6.74
 435  1.25 3.25
 436  2.60 8.12
 437  9.70 11.86
 438  3.53 11.28
 439  8.35 1.94
 440  10.62 2.15
 441  6.96 6.77
 442  2.28 7.44
 443  9.36 7.43
 444  6.24 9.04
 445  1.26 5.46
 446  5.82 5.95
 447  9.26 5.00
 448  5.79 6.29
 449  6.89 5.45
 450  1.03 8.14
 451  8.70 3.64
 452  4.26 6.40
 453  3.50 7.79
 454  5.68 11.85
 455  9.74 4.30
 456  2.00 4.70
 457  11.07 4.28
 458  0.14 8.43
 459  11.71 6.38
 460  5.48 0.96
 461  11.84 11.29
 462  6.92 9.10
 463  4.29 0.71
 464  3.39 11.18
 465  6.15 4.43
 466  7.32 2.85
 467  8.07 11.58
 468  9.26 11.56
 469  7.37 2.94
 470  11.41 5.11
 471  7.24 1.41
 472  9.81 6.32
 473  5.69 9.95
 474  2.75 5.40
 475  4.33 8.22
 476  6.36 4.17
 477  7.52 1.28
 478  1.28 11.81
 479  1.98 4.67
 480  10.99 8.14
 481  9.10 6.30
 482  10.99 5.16
 483  5.88 8.24
 484  4.73 1.26
 485  11.18 4.14
 486  6.36 6.42
 487  5.55 4.17
 488  0.74 11.24
 489  2.12 3.49
 490  4.64 6.45
 491  11.71 11.00
 492  10.63 7.23
 493  0.27 11.90
 494  7.04 2.26
 495  4.57 6.02
 496  10.39 1.67
 497  0.33 9.38
 498  6.83 6.21
 499  5.63 11.55
 500  7.47 4.81
 501  3.69 1.83
 502  11.23 9.24
 503  6.00 11.97
 504  8.48 8.12
 505  3.46 1.12
 506  2.57 3.18
 507  0.11 1.20
 508  10.40 0.39
 509  1.10 5.44
 510  2.64 5.67
 511  11.46 1.04
 512  7.34 11.79
 513  10.42 2.17
 514  6.00 4.04
 515  1.72 1.46
 516  8.85 5.41
 517  3.30 8.08
 518  2.66 9.30
 519  8.05 11.14
 520  5.42 11.52
 521  0.25 7.99
 522  2.69 0.37
 523  9.19 1.10
 524  0.76 10.29
 525  6.54 3.40
 526  3.96 6.00
 527  4.44 11.29
 528  5.79 2.86
 529  1.46 11.79
 530  6.90 3.18
 531  1.25 3.75
 532  8.59 4.55
 533  11.83 11.25
 534  1.84 7.88
 535  10.39 7.26
 536  7.40 10.64
 537  3.25 10.09
 538  11.01 0.44
 539  11.19 11.76
 540  10.73 5.73
 541  3.17 2.68
 542  11.73 7.60
 543  1.98 5.52
 544  10.46 3.44
 545  5.30 5.36
 546  6.62 6.55
 547  9.11 3.21
 548  11.10 8.94
 549  2.46 0.95
 550  4.82 0.85
 551  8.21 0.22
 552  11.49 11.46
 553  10.31 10.49
 554  11.90 9.50
 555  10.26 10.63
 556  3.23 1.43
 557  1.31 2.95
 558  9.03 3.29
 559  8.47 7.49
 560  6.73 1.77
 561  0.85 1.35
 562  8.33 9.96
 563  4.56 7.43
 564  6.89 7.02
 565  8.37 11.71
 566  7.87 4.58
 567  11.93 7.36
 568  4.05 10.24
 569  5.85 3.95
 570  7.74 4.11
 571  2.58 10.97
 572  5.54 3.89
 573  1.92 2.57
 574  7.19 10.39
 575  10.06 1.92
 576  0.16 10.91
 577  3.27 8.49
 578  8.87 7.83
 579  3.92 3.76
 580  2.86 0.29
 581  3.47 10.73
 582  4.88 3.40
 583  6.09 8.92
 584  1.64 11.94
 585  0.87 9.39
 586  4.05 3.45
 587  8.36 9.59
 588  7.34 10.28
 589  0.16 2.53
 590  8.67 10.22
 591  4.45 8.84
 592  9.13 7.71
 593  5.33 5.99
 594  3.55 9.25
 595  9.75 6.40
 596  9.54 1.22
 597  5.13 2.42
 598  4.62 11.22
 599  11.34 6.26
 600  11.16 0.21
 601  3.65 3.21
 602  3.65 0.01
 603  0.80 10.99
 604  10.29 0.95
 605  1.52 6.96
 606  11.17 5.97
 607  3.80 8.30
 608  1.68 9.13
 609  2.29 5.23
 610  6.37 0.04
 611  11.63 3.91
 612  1.26 4.76
 613  6.33 5.88
 614  3.98 5.66
 615  0.15 3.13
 616  5.87 3.80
 617  6.34 9.52
 618  3.81 7.14
 619  8.52 2.09
 620  8.09 10.04
 621  9.06 7.26
 622  4.01 0.86
 623  3.56 5.69
 624  9.98 5.85
 625  10.92 4.35
