 0  0.00 0.00 
 1  2.23 11.10
 2  7.97 5.70
 3  9.83 5.86
 4  10.41 5.55
 5  8.68 9.93
 6  2.30 3.01
 7  7.33 14.89
 8  11.81 2.22
 9  1.23 3.48
 10  4.68 2.66
 11  5.75 0.34
 12  14.80 12.69
 13  0.27 7.55
 14  1.56 4.82
 15  3.79 10.01
 16  3.22 6.02
 17  6.11 11.19
 18  11.72 0.94
 19  2.04 7.13
 20  6.50 10.72
 21  2.05 8.80
 22  13.73 9.38
 23  8.69 10.54
 24  11.60 9.92
 25  14.02 1.28
 26  12.59 4.77
 27  1.61 12.38
 28  2.46 1.88
 29  4.93 4.02
 30  6.71 8.72
 31  14.03 9.92
 32  14.74 5.15
 33  6.11 11.46
 34  6.09 8.15
 35  3.59 12.59
 36  3.87 5.64
 37  6.38 2.60
 38  0.02 0.08
 39  13.14 11.62
 40  10.00 12.16
 41  12.89 7.58
 42  1.93 14.50
 43  4.97 4.39
 44  1.39 9.90
 45  8.41 8.09
 46  3.62 7.44
 47  3.02 3.36
 48  12.59 9.13
 49  14.83 3.68
 50  2.28 3.41
 51  1.27 6.15
 52  9.05 7.65
 53  8.74 9.07
 54  7.73 6.88
 55  5.69 2.72
 56  4.04 3.58
 57  10.31 5.97
 58  3.09 0.27
 59  10.36 4.47
 60  10.17 3.77
 61  12.57 13.79
 62  11.22 0.58
 63  2.16 8.81
 64  9.71 1.98
 65  12.49 11.98
 66  5.40 13.75
 67  3.13 14.45
 68  6.40 11.87
 69  8.52 14.13
 70  3.76 14.21
 71  1.85 7.80
 72  2.80 12.16
 73  13.77 5.88
 74  12.43 9.14
 75  10.36 7.61
 76  12.91 7.92
 77  6.40 9.12
 78  8.51 8.56
 79  2.93 3.21
 80  10.54 0.42
 81  0.20 0.94
 82  14.17 3.33
 83  0.39 5.57
 84  0.20 8.91
 85  4.70 3.96
 86  8.12 6.55
 87  11.76 10.92
 88  3.71 10.53
 89  1.80 1.14
 90  4.67 12.16
 91  8.75 2.58
 92  5.09 0.15
 93  11.70 13.59
 94  8.71 14.63
 95  1.81 4.25
 96  0.05 2.00
 97  5.19 14.22
 98  5.33 5.58
 99  4.79 5.53
 100  14.49 9.49
 101  9.49 7.62
 102  1.04 6.25
 103  3.53 4.75
 104  1.78 5.34
 105  5.90 6.45
 106  2.50 14.65
 107  9.03 7.58
 108  14.80 5.74
 109  6.17 8.51
 110  5.37 7.98
 111  12.76 5.42
 112  9.98 2.95
 113  4.64 0.32
 114  8.53 9.43
 115  5.85 8.03
 116  3.92 0.34
 117  0.64 4.97
 118  6.59 4.18
 119  9.72 8.37
 120  9.51 0.62
 121  14.83 12.01
 122  0.27 8.86
 123  4.59 0.07
 124  14.59 10.77
 125  8.58 4.96
 126  3.75 6.34
 127  10.38 13.73
 128  9.29 0.02
 129  14.05 2.82
 130  9.45 4.89
 131  10.85 13.37
 132  5.23 11.49
 133  3.34 11.82
 134  0.67 13.06
 135  5.19 10.18
 136  13.68 5.02
 137  7.19 13.95
 138  13.87 11.79
 139  14.02 13.47
 140  7.55 7.59
 141  3.43 11.30
 142  13.93 13.81
 143  10.03 8.22
 144  13.82 9.08
 145  11.04 8.27
 146  13.97 6.89
 147  6.64 4.20
 148  3.38 9.98
 149  1.02 4.05
 150  8.03 6.21
 151  14.23 6.71
 152  11.23 6.42
 153  5.66 10.10
 154  3.20 4.67
 155  8.57 10.76
 156  12.26 11.99
 157  7.06 11.19
 158  10.80 2.09
 159  4.41 9.62
 160  11.17 0.45
 161  2.89 10.14
 162  7.34 9.53
 163  14.35 10.71
 164  4.51 0.37
 165  14.76 12.54
 166  6.58 13.99
 167  4.25 2.81
 168  5.40 9.91
 169  12.91 8.61
 170  14.58 6.48
 171  4.37 11.84
 172  3.48 11.42
 173  8.03 14.28
 174  13.51 12.44
 175  8.90 9.68
 176  12.89 11.79
 177  4.82 5.23
 178  6.33 4.17
 179  0.94 10.84
 180  4.54 0.70
 181  8.38 11.12
 182  14.69 12.63
 183  13.93 5.09
 184  7.53 11.85
 185  13.70 7.11
 186  3.33 3.07
 187  3.95 6.81
 188  14.49 11.99
 189  6.09 13.00
 190  9.43 14.99
 191  7.68 7.33
 192  11.78 12.50
 193  12.56 3.11
 194  1.67 13.50
 195  13.94 6.21
 196  14.20 7.32
 197  2.33 13.89
 198  4.95 1.26
 199  3.98 12.48
 200  13.11 2.68
 201  4.59 1.44
 202  5.75 8.55
 203  8.25 5.24
 204  5.54 14.34
 205  3.24 14.97
 206  14.33 10.92
 207  7.29 11.11
 208  8.42 4.85
 209  14.22 10.09
 210  3.35 13.16
 211  1.29 2.55
 212  5.48 3.62
 213  1.44 10.43
 214  4.89 5.41
 215  7.91 3.00
 216  8.09 12.50
 217  4.44 13.84
 218  6.05 12.70
 219  4.08 11.59
 220  12.04 7.31
 221  11.55 11.36
 222  3.23 3.85
 223  7.47 11.65
 224  8.70 6.68
 225  6.74 12.05
 226  4.84 8.03
 227  14.59 10.32
 228  11.65 1.03
 229  5.75 1.54
 230  6.44 13.66
 231  4.54 14.54
 232  11.17 8.98
 233  13.38 2.22
 234  6.68 2.45
 235  13.81 3.71
 236  9.77 10.36
 237  0.08 13.00
 238  14.21 7.55
 239  9.65 7.91
 240  14.23 1.38
 241  4.95 4.07
 242  9.42 4.55
 243  14.40 6.07
 244  5.57 5.15
 245  7.61 12.02
 246  3.81 12.15
 247  11.56 14.98
 248  6.13 9.93
 249  2.20 12.81
 250  12.39 1.01
 251  1.53 7.15
 252  11.37 1.60
 253  5.15 10.57
 254  9.15 14.80
 255  3.48 8.38
 256  1.19 8.43
 257  12.45 10.60
 258  12.98 11.85
 259  1.67 3.55
 260  2.00 9.28
 261  0.57 5.81
 262  6.43 12.12
 263  5.79 12.56
 264  7.06 7.99
 265  10.37 4.44
 266  9.00 11.89
 267  11.60 5.36
 268  13.50 1.75
 269  0.93 7.64
 270  1.55 4.41
 271  1.02 2.74
 272  12.84 13.47
 273  13.34 10.82
 274  10.32 0.01
 275  14.37 12.31
 276  9.29 14.94
 277  3.12 0.71
 278  12.06 8.92
 279  13.27 4.12
 280  1.91 8.64
 281  8.56 10.90
 282  5.54 5.16
 283  1.27 4.03
 284  6.91 2.20
 285  11.68 8.46
 286  6.62 12.70
 287  11.20 4.46
 288  11.17 9.53
 289  0.28 6.48
 290  9.54 14.65
 291  3.79 3.83
 292  14.58 6.92
 293  4.54 11.64
 294  0.84 2.81
 295  0.76 2.74
 296  11.45 9.32
 297  13.65 1.99
 298  14.47 14.91
 299  6.02 6.38
 300  2.12 2.70
 301  14.84 8.73
 302  0.39 11.03
 303  13.19 11.56
 304  5.57 13.47
 305  3.04 0.11
 306  13.11 6.83
 307  3.93 12.70
 308  13.75 8.47
 309  9.34 14.59
 310  11.28 10.10
 311  2.33 7.73
 312  4.42 0.98
 313  9.72 3.89
 314  0.89 0.74
 315  10.27 3.01
 316  3.43 10.10
 317  11.74 3.82
 318  6.14 9.93
 319  0.38 11.70
 320  8.40 3.42
 321  11.81 6.51
 322  10.25 0.74
 323  4.21 9.00
 324  9.21 13.55
 325  8.59 5.49
 326  8.65 10.92
 327  13.22 13.07
 328  11.90 7.94
 329  1.95 12.79
 330  8.68 12.22
 331  0.80 12.11
 332  7.32 12.54
 333  0.93 13.46
 334  7.47 1.32
 335  10.16 0.87
 336  4.73 6.97
 337  7.39 14.99
 338  7.70 11.60
 339  8.99 1.91
 340  10.15 2.58
 341  7.40 3.80
 342  13.51 5.62
 343  1.86 10.41
 344  13.55 3.82
 345  8.20 7.23
 346  1.04 9.01
 347  4.34 8.36
 348  6.55 5.27
 349  6.82 14.03
 350  6.59 1.99
 351  14.90 11.32
 352  8.95 7.29
 353  11.31 1.66
 354  3.88 5.30
 355  3.57 14.03
 356  7.89 10.97
 357  2.83 6.40
 358  1.58 4.69
 359  1.80 0.14
 360  8.51 10.01
 361  7.37 9.55
 362  4.02 11.70
 363  2.91 10.57
 364  1.98 9.74
 365  9.60 8.56
 366  11.72 9.50
 367  4.88 5.68
 368  1.78 1.19
 369  7.33 5.67
 370  6.50 10.90
 371  4.70 14.38
 372  6.87 7.52
 373  5.78 8.45
 374  12.22 7.58
 375  8.59 5.73
 376  2.59 0.95
 377  0.27 6.61
 378  12.66 3.19
 379  2.18 14.63
 380  12.93 11.77
 381  8.20 9.65
 382  6.27 13.08
 383  0.33 8.06
 384  14.27 7.66
 385  13.72 5.77
 386  3.56 3.42
 387  5.15 10.43
 388  10.94 10.93
 389  3.89 8.16
 390  3.51 12.48
 391  13.88 6.10
 392  13.43 14.16
 393  12.71 11.09
 394  2.34 14.89
 395  10.72 0.27
 396  11.66 3.92
 397  9.92 2.93
 398  2.00 10.25
 399  10.99 1.27
 400  2.91 9.71
 401  7.04 6.47
 402  13.13 12.19
 403  1.91 9.07
 404  8.12 5.79
 405  2.23 11.63
 406  3.27 1.11
 407  2.73 1.70
 408  0.26 0.44
 409  12.79 2.61
 410  0.33 8.51
 411  2.88 12.00
 412  12.43 12.80
 413  14.93 14.42
 414  8.05 10.92
 415  0.70 10.95
 416  5.63 7.74
 417  2.43 3.76
 418  4.93 4.33
 419  12.83 13.05
 420  10.13 0.06
 421  9.68 13.39
 422  1.17 12.42
 423  0.09 1.43
 424  12.86 12.88
 425  4.04 13.19
 426  6.39 6.92
 427  10.19 3.81
 428  4.72 10.12
 429  3.24 12.76
 430  6.04 3.93
 431  8.72 11.67
 432  11.67 11.15
 433  0.43 1.60
 434  0.48 13.26
 435  14.65 10.61
 436  13.32 9.33
 437  9.00 14.48
 438  6.75 9.10
 439  0.91 4.61
 440  6.97 4.95
 441  2.80 13.36
 442  11.87 12.99
 443  2.17 1.59
 444  8.11 5.41
 445  14.35 14.15
 446  9.34 8.07
 447  10.82 6.01
 448  4.22 11.25
 449  7.61 4.70
 450  9.51 7.26
 451  0.31 7.83
 452  1.59 9.31
 453  7.31 8.34
 454  3.40 8.23
 455  12.95 10.38
 456  13.18 0.75
 457  8.74 10.05
 458  13.75 10.91
 459  11.64 6.86
 460  1.32 11.00
 461  6.01 10.66
 462  4.07 1.83
 463  1.67 8.28
 464  13.08 9.28
 465  12.98 7.59
 466  1.54 13.29
 467  0.42 3.13
 468  7.60 7.74
 469  11.47 11.00
 470  0.97 9.41
 471  6.38 14.15
 472  10.17 0.12
 473  9.20 8.91
 474  11.03 5.84
 475  0.77 12.35
 476  1.84 6.78
 477  8.01 5.91
 478  8.60 9.68
 479  14.19 6.68
 480  3.96 12.18
 481  14.27 5.50
 482  10.47 14.69
 483  8.62 3.06
 484  7.43 5.09
 485  14.07 8.40
 486  14.50 5.45
 487  7.54 9.67
 488  5.57 1.75
 489  3.58 1.60
 490  7.59 4.35
 491  13.95 9.43
 492  11.13 6.96
 493  0.34 4.73
 494  1.64 14.53
 495  11.42 5.60
 496  11.70 10.69
 497  11.10 7.17
 498  10.38 4.72
 499  10.23 2.81
 500  9.81 9.30
 501  11.21 9.32
 502  14.75 3.75
 503  3.99 5.32
 504  5.50 7.57
 505  6.93 13.09
 506  11.92 5.88
 507  7.52 8.05
 508  12.84 7.86
 509  12.78 14.48
 510  7.39 9.20
 511  5.09 4.10
 512  4.89 1.18
 513  11.27 0.27
 514  5.91 6.50
 515  3.08 0.72
 516  0.80 14.29
 517  10.04 0.56
 518  3.05 14.03
 519  5.88 8.55
 520  6.60 12.81
 521  6.64 3.52
 522  3.69 14.16
 523  11.57 1.53
 524  7.02 9.35
 525  1.01 14.41
 526  3.55 6.10
 527  3.51 8.44
 528  7.28 14.77
 529  8.70 13.19
 530  6.27 11.79
 531  13.91 7.07
 532  11.08 8.95
 533  7.63 14.12
 534  7.98 13.51
 535  7.67 14.57
 536  11.32 14.31
 537  3.09 0.00
 538  13.47 14.66
 539  1.53 5.49
 540  9.01 2.55
 541  4.90 12.56
 542  8.64 8.41
 543  6.00 0.92
 544  8.18 14.70
 545  14.11 14.45
 546  11.49 13.02
 547  6.52 7.57
 548  6.97 14.15
 549  6.69 14.95
 550  12.66 14.36
 551  14.52 8.98
 552  13.67 2.61
 553  8.99 12.14
 554  2.27 10.52
 555  2.63 11.28
 556  13.06 7.54
 557  8.85 6.71
 558  0.94 14.84
 559  7.63 9.12
 560  14.55 6.74
 561  8.57 11.03
 562  4.77 0.10
 563  3.60 11.74
 564  14.25 10.29
 565  11.68 11.92
 566  9.65 11.20
 567  5.90 8.32
 568  13.81 14.88
 569  5.47 1.08
 570  10.40 8.10
 571  12.37 8.47
 572  0.64 6.21
 573  0.17 1.58
 574  6.06 7.80
 575  10.70 5.60
 576  14.55 4.28
 577  1.63 4.31
 578  4.38 5.23
 579  1.05 3.63
 580  0.52 12.73
 581  0.55 10.17
 582  8.93 6.45
 583  3.50 7.74
 584  6.33 8.96
 585  8.82 1.73
 586  2.06 6.18
 587  10.20 2.70
 588  12.40 10.38
 589  4.28 3.45
 590  3.18 14.98
 591  9.05 2.73
 592  4.26 10.69
 593  7.04 8.64
 594  0.92 8.09
 595  12.27 1.44
 596  5.82 12.82
 597  11.61 14.75
 598  4.26 0.11
 599  7.49 10.59
 600  9.08 1.31
 601  12.33 11.14
 602  7.49 7.53
 603  13.84 4.89
 604  2.91 3.12
 605  8.34 6.09
 606  3.10 2.40
 607  8.82 7.36
 608  13.08 0.86
 609  1.00 14.00
 610  8.95 13.27
 611  0.44 14.77
 612  11.09 12.06
 613  14.52 0.35
 614  12.17 7.01
 615  10.95 6.25
 616  8.32 8.27
 617  2.39 0.82
 618  0.80 1.23
 619  5.71 3.71
 620  4.34 14.05
 621  9.80 7.44
 622  1.45 3.62
 623  14.80 14.53
 624  4.48 0.80
 625  13.53 13.43
 626  14.07 13.98
 627  13.20 10.16
 628  11.04 12.72
 629  10.51 8.21
 630  4.74 6.45
 631  14.46 13.06
 632  14.73 1.84
 633  13.87 0.53
 634  3.07 4.58
 635  4.24 7.41
 636  3.63 14.04
 637  14.86 5.08
 638  2.66 14.66
 639  4.61 7.14
 640  0.46 3.15
 641  5.57 14.54
 642  2.13 3.77
 643  9.69 13.16
 644  1.49 5.20
 645  6.37 6.22
 646  11.66 5.83
 647  4.28 11.39
 648  7.67 3.16
 649  11.92 10.74
 650  7.74 1.16
 651  3.16 11.37
 652  0.21 3.02
 653  1.45 2.87
 654  2.68 6.07
 655  10.01 3.14
 656  9.21 0.57
 657  2.67 11.34
 658  4.34 12.37
 659  9.50 5.83
 660  2.57 0.88
 661  12.05 14.23
 662  6.70 1.33
 663  10.62 14.38
 664  4.49 7.54
 665  10.12 12.23
 666  8.70 13.28
 667  8.60 8.91
 668  1.29 10.05
 669  11.78 3.97
 670  1.12 6.79
 671  7.11 10.33
 672  7.36 9.78
 673  6.67 11.70
 674  7.15 1.18
 675  2.53 9.73
 676  2.05 14.59
 677  8.95 8.76
 678  0.92 4.57
 679  8.13 5.41
 680  12.11 3.26
 681  2.64 5.81
 682  1.53 11.24
 683  14.72 2.83
 684  6.30 11.50
 685  6.80 7.42
 686  3.29 13.91
 687  2.75 10.65
 688  8.69 9.42
 689  7.36 0.85
 690  10.60 9.89
 691  10.57 12.65
 692  9.48 4.53
 693  6.41 10.40
 694  9.10 14.54
 695  0.81 6.21
 696  2.80 3.46
 697  12.02 4.33
 698  14.70 11.73
 699  7.16 6.00
 700  8.23 13.96
 701  13.41 11.52
 702  12.87 1.16
 703  7.17 6.56
 704  10.59 14.53
 705  7.41 6.19
 706  9.42 2.98
 707  3.84 3.90
 708  7.51 10.25
 709  14.30 1.61
 710  9.80 0.12
 711  7.81 12.60
 712  3.57 4.83
 713  1.93 3.27
 714  1.56 9.09
 715  9.27 9.80
 716  8.06 7.68
 717  6.32 5.93
 718  8.84 13.49
 719  12.49 4.43
 720  13.02 4.90
 721  10.62 7.45
 722  7.88 14.46
 723  11.35 0.39
 724  9.72 10.65
 725  2.00 4.51
 726  10.77 9.82
 727  2.11 14.34
 728  14.65 4.04
 729  2.61 1.21
 730  13.14 11.88
 731  11.01 6.19
 732  4.56 2.33
 733  12.12 13.41
 734  0.82 9.61
 735  2.84 13.85
 736  14.51 13.46
 737  6.29 7.39
 738  12.92 2.64
 739  7.79 7.63
 740  13.29 9.79
 741  12.15 9.06
 742  4.61 14.26
 743  8.40 4.25
 744  3.30 11.01
 745  5.47 1.43
 746  7.90 1.47
 747  7.63 12.46
 748  3.80 4.74
 749  10.87 4.63
 750  14.35 13.70
 751  3.47 13.86
 752  12.16 9.76
 753  6.26 10.08
 754  12.40 14.04
 755  2.71 10.69
 756  8.83 14.86
 757  4.75 13.44
 758  14.12 13.15
 759  2.70 2.42
 760  9.16 8.16
 761  3.85 2.05
 762  9.64 11.48
 763  14.51 13.44
 764  1.22 10.38
 765  3.06 0.57
 766  9.09 6.54
 767  14.44 6.25
 768  1.30 5.69
 769  1.33 13.70
 770  4.73 4.04
 771  9.39 13.57
 772  3.90 14.14
 773  12.01 3.02
 774  12.29 14.70
 775  5.44 6.45
 776  7.87 9.29
 777  8.50 2.50
 778  5.77 8.02
 779  0.94 6.99
 780  3.40 4.00
 781  7.56 12.48
 782  10.54 7.00
 783  3.73 11.84
 784  12.69 5.06
 785  10.54 2.42
 786  9.10 4.93
 787  0.99 13.00
 788  4.08 13.00
 789  1.02 1.36
 790  12.70 6.46
 791  7.81 5.57
 792  0.75 1.31
 793  8.07 6.52
 794  9.33 9.01
 795  13.51 12.72
 796  13.01 6.07
 797  10.20 8.55
 798  13.06 13.93
 799  5.39 10.75
 800  3.99 0.93
 801  13.18 13.09
 802  5.86 14.17
 803  11.09 9.94
 804  12.17 12.11
 805  11.30 9.87
 806  3.58 4.11
 807  0.44 4.33
 808  5.42 8.51
 809  10.85 14.75
 810  2.52 9.36
 811  12.47 0.53
 812  0.42 7.68
 813  9.09 13.49
 814  6.61 14.47
 815  9.24 10.60
 816  0.40 7.42
 817  8.68 6.26
 818  6.58 4.77
 819  1.20 3.75
 820  1.88 12.50
 821  13.62 5.46
 822  1.61 14.06
 823  9.79 7.03
 824  7.57 5.64
 825  6.78 10.09
 826  14.99 4.25
 827  10.62 0.42
 828  11.92 4.71
 829  13.91 3.53
 830  4.18 8.15
 831  14.13 4.59
 832  0.56 7.81
 833  10.85 7.15
 834  12.58 12.05
 835  10.90 14.46
 836  9.54 9.52
 837  4.92 11.15
 838  8.58 14.71
 839  3.18 1.15
 840  5.34 9.96
 841  11.24 5.34
 842  14.20 6.86
 843  5.75 11.13
 844  11.57 4.66
 845  14.66 0.76
 846  12.80 13.78
 847  5.34 13.37
 848  6.59 1.19
 849  5.51 4.16
 850  13.24 1.41
 851  3.62 7.78
 852  10.92 8.54
 853  3.93 4.50
 854  8.25 7.11
 855  5.65 13.59
 856  2.07 1.88
 857  3.92 1.27
 858  8.74 9.68
 859  12.40 5.31
 860  14.33 12.05
 861  6.07 12.14
 862  10.83 11.41
 863  10.51 2.42
 864  12.60 1.02
 865  6.59 10.84
 866  2.43 10.21
 867  3.62 13.35
 868  3.75 7.55
 869  2.85 11.99
 870  14.67 8.50
 871  10.58 1.73
 872  10.38 14.50
 873  3.01 4.12
 874  9.18 0.40
 875  9.44 8.51
 876  12.46 0.51
 877  5.65 8.29
 878  11.92 1.16
 879  10.71 9.52
 880  2.18 2.30
 881  5.36 4.61
 882  12.51 8.98
 883  2.96 1.26
 884  1.53 5.82
 885  13.25 1.20
 886  14.31 8.84
 887  2.93 9.69
 888  8.34 5.94
 889  13.82 2.52
 890  6.34 8.25
 891  11.04 3.80
 892  8.76 1.69
 893  12.09 5.68
 894  2.85 7.80
 895  0.20 5.03
 896  10.10 5.56
 897  9.64 7.61
 898  14.54 12.60
 899  8.87 1.07
 900  3.41 7.13
