 0  0.00 0.00 
 1  5.68 5.13
 2  4.33 8.71
 3  6.76 0.97
 4  10.26 17.46
 5  9.28 7.73
 6  7.35 2.70
 7  10.56 11.37
 8  11.05 7.40
 9  1.93 15.69
 10  4.76 11.19
 11  12.07 6.44
 12  3.75 9.62
 13  6.92 15.20
 14  15.90 8.31
 15  11.71 13.90
 16  8.93 17.39
 17  1.03 13.27
 18  8.10 7.80
 19  14.23 0.37
 20  7.26 5.51
 21  8.10 14.60
 22  8.21 0.66
 23  7.97 1.26
 24  8.06 9.90
 25  16.95 12.82
 26  3.09 11.02
 27  1.27 6.84
 28  2.64 8.19
 29  4.04 0.54
 30  16.50 15.75
 31  14.45 7.43
 32  15.14 15.48
 33  2.69 5.24
 34  5.28 16.93
 35  5.61 12.53
 36  4.44 13.71
 37  9.14 12.65
 38  14.37 17.11
 39  13.91 4.43
 40  9.01 12.86
 41  17.26 12.10
 42  5.88 0.52
 43  0.93 8.52
 44  8.71 4.97
 45  9.06 7.21
 46  2.72 5.51
 47  14.63 17.86
 48  2.99 17.33
 49  5.11 8.27
 50  16.26 10.72
 51  2.80 2.69
 52  6.43 11.93
 53  15.34 2.81
 54  11.04 11.25
 55  7.24 2.05
 56  6.11 6.50
 57  14.15 11.99
 58  7.02 15.08
 59  2.51 15.73
 60  2.05 11.57
 61  4.94 4.78
 62  17.09 1.57
 63  4.64 2.08
 64  0.90 9.75
 65  10.34 17.15
 66  2.47 13.14
 67  1.84 8.90
 68  7.07 17.18
 69  11.70 0.12
 70  10.43 0.94
 71  2.17 16.53
 72  7.44 16.31
 73  10.52 14.46
 74  13.39 13.03
 75  12.19 15.44
 76  6.61 17.13
 77  2.22 5.69
 78  0.70 6.86
 79  7.77 1.60
 80  16.61 0.11
 81  0.75 1.07
 82  13.25 2.59
 83  9.97 2.32
 84  1.78 3.68
 85  2.44 12.21
 86  4.62 4.60
 87  10.74 12.06
 88  2.91 3.26
 89  8.52 16.31
 90  16.29 2.72
 91  13.75 4.90
 92  1.84 15.97
 93  10.59 2.54
 94  4.83 0.36
 95  4.13 3.44
 96  0.46 4.88
 97  4.52 13.71
 98  7.48 14.49
 99  16.03 9.25
 100  0.17 0.47
 101  3.46 4.79
 102  5.07 14.20
 103  16.86 7.99
 104  17.46 7.38
 105  6.30 15.75
 106  10.09 2.05
 107  2.65 11.94
 108  0.02 13.24
 109  14.47 4.85
 110  13.60 0.61
 111  8.29 14.06
 112  5.49 12.81
 113  9.77 12.96
 114  9.30 7.80
 115  4.22 9.47
 116  8.28 7.68
 117  14.26 13.35
 118  3.88 13.12
 119  3.34 3.34
 120  2.50 9.63
 121  1.09 12.59
 122  11.68 3.74
 123  6.53 11.70
 124  16.98 3.00
 125  16.55 12.58
 126  3.60 6.84
 127  8.63 9.09
 128  1.65 0.40
 129  4.06 10.95
 130  8.21 8.27
 131  2.42 16.48
 132  15.95 16.68
 133  11.83 1.82
 134  11.80 15.17
 135  5.16 14.29
 136  6.81 6.25
 137  8.88 0.49
 138  9.99 15.41
 139  12.19 8.97
 140  0.41 10.73
 141  3.54 4.01
 142  17.58 12.18
 143  13.10 1.23
 144  12.58 17.16
 145  12.18 2.79
 146  7.43 14.60
 147  1.27 5.38
 148  13.29 13.11
 149  7.20 7.09
 150  10.28 12.36
 151  3.38 17.09
 152  0.61 12.26
 153  17.58 10.60
 154  9.67 11.76
 155  1.56 10.08
 156  4.49 5.10
 157  14.10 4.07
 158  17.28 9.20
 159  5.30 11.86
 160  8.36 17.48
 161  14.65 15.79
 162  14.08 15.92
 163  3.17 9.37
 164  11.03 10.38
 165  16.45 3.31
 166  4.74 1.83
 167  2.40 5.35
 168  14.10 1.97
 169  15.95 5.77
 170  13.73 17.51
 171  15.85 0.23
 172  4.62 11.95
 173  4.30 3.90
 174  3.15 9.60
 175  15.76 11.51
 176  9.08 12.41
 177  9.30 5.16
 178  10.33 12.48
 179  14.53 3.36
 180  4.86 12.98
 181  6.67 9.60
 182  14.81 9.06
 183  14.95 10.91
 184  11.04 12.90
 185  16.68 6.77
 186  12.42 14.54
 187  7.00 17.04
 188  8.49 11.30
 189  2.93 11.64
 190  2.90 0.69
 191  5.15 11.97
 192  13.10 14.45
 193  17.13 5.43
 194  8.93 13.66
 195  8.78 13.79
 196  8.64 15.45
 197  5.39 5.46
 198  6.51 2.34
 199  16.37 17.55
 200  15.24 15.05
 201  6.32 9.66
 202  11.59 13.32
 203  8.70 2.07
 204  6.62 11.63
 205  13.71 9.51
 206  12.32 0.86
 207  3.48 7.42
 208  15.31 2.62
 209  12.85 6.24
 210  16.28 3.63
 211  2.03 6.92
 212  1.08 7.42
 213  12.37 7.60
 214  9.76 10.74
 215  7.15 7.00
 216  7.79 13.47
 217  16.66 1.38
 218  8.79 7.36
 219  3.45 15.41
 220  0.99 17.16
 221  6.92 13.31
 222  0.02 10.40
 223  2.73 15.33
 224  13.02 15.58
 225  3.58 11.30
 226  1.21 5.61
 227  0.21 2.29
 228  13.03 12.59
 229  9.89 4.79
 230  5.33 17.04
 231  11.79 13.12
 232  12.51 10.45
 233  14.50 3.30
 234  17.81 17.95
 235  0.71 0.80
 236  17.11 7.62
 237  14.11 17.13
 238  0.03 16.84
 239  14.46 13.05
 240  14.42 0.04
 241  6.34 15.63
 242  5.65 6.56
 243  17.92 0.68
 244  1.14 9.81
 245  5.47 6.47
 246  8.85 17.26
 247  1.59 3.36
 248  9.71 16.09
 249  6.66 9.51
 250  16.03 7.37
 251  10.31 15.14
 252  14.99 6.42
 253  14.27 15.02
 254  5.26 10.73
 255  10.06 1.68
 256  10.77 16.41
 257  17.31 16.42
 258  4.96 17.23
 259  17.10 6.11
 260  9.04 4.57
 261  12.58 17.89
 262  3.82 14.17
 263  3.26 13.53
 264  12.25 9.92
 265  5.04 10.29
 266  17.28 15.35
 267  7.43 14.27
 268  3.77 3.70
 269  11.29 9.03
 270  14.43 3.36
 271  10.71 7.20
 272  1.76 10.02
 273  5.62 6.73
 274  9.25 4.72
 275  12.84 0.29
 276  9.28 7.41
 277  0.18 13.10
 278  3.58 3.44
 279  8.63 15.84
 280  13.35 13.67
 281  8.12 12.64
 282  11.03 15.55
 283  8.91 14.80
 284  1.24 2.20
 285  5.83 15.67
 286  5.56 16.54
 287  4.87 7.32
 288  8.56 10.49
 289  14.05 17.81
 290  15.20 8.89
 291  0.09 6.49
 292  16.30 0.28
 293  1.59 1.89
 294  3.71 10.22
 295  17.72 17.07
 296  5.89 7.85
 297  11.70 16.92
 298  5.39 2.61
 299  13.72 6.64
 300  4.81 1.55
 301  4.31 10.37
 302  0.09 9.18
 303  17.70 8.66
 304  1.67 13.75
 305  8.46 16.87
 306  4.64 8.56
 307  5.36 2.94
 308  8.83 6.95
 309  4.83 12.54
 310  17.17 4.55
 311  11.61 5.06
 312  12.39 5.31
 313  3.98 17.79
 314  7.92 17.70
 315  6.43 12.74
 316  1.25 10.74
 317  5.11 1.34
 318  1.92 4.81
 319  10.00 3.59
 320  0.56 0.46
 321  2.46 5.20
 322  9.02 7.82
 323  8.14 17.85
 324  14.77 12.96
 325  12.40 13.94
 326  17.51 6.01
 327  1.00 11.91
 328  11.32 4.98
 329  11.69 1.24
 330  4.67 0.12
 331  13.98 5.92
 332  10.86 1.10
 333  7.27 12.78
 334  5.91 17.26
 335  16.37 6.47
 336  17.73 0.82
 337  11.66 8.74
 338  8.64 1.80
 339  8.60 5.41
 340  14.76 2.99
 341  1.34 14.28
 342  9.00 2.34
 343  8.18 2.32
 344  7.32 1.88
 345  3.56 11.99
 346  2.00 17.55
 347  17.91 12.86
 348  0.64 7.18
 349  7.64 6.55
 350  6.44 6.01
 351  13.02 6.17
 352  6.83 6.68
 353  14.91 15.48
 354  8.48 5.51
 355  2.88 5.24
 356  8.50 4.22
 357  1.52 17.50
 358  6.56 9.70
 359  1.82 13.88
 360  11.57 5.39
 361  7.87 13.57
 362  4.94 7.78
 363  8.43 5.58
 364  14.96 16.08
 365  12.13 3.40
 366  4.09 7.15
 367  9.57 10.92
 368  13.83 6.48
 369  8.40 4.31
 370  11.99 11.28
 371  9.55 2.50
 372  15.50 11.06
 373  2.00 4.06
 374  2.76 3.83
 375  17.94 14.34
 376  9.21 7.80
 377  9.91 14.15
 378  15.58 0.34
 379  1.73 12.54
 380  16.42 13.86
 381  15.94 2.51
 382  3.01 7.51
 383  13.43 16.84
 384  14.00 3.83
 385  3.14 7.99
 386  15.11 12.69
 387  10.49 12.61
 388  5.75 12.49
 389  16.67 8.52
 390  16.32 16.60
 391  4.85 7.53
 392  6.40 14.76
 393  3.68 3.99
 394  15.11 5.42
 395  16.53 13.53
 396  1.28 14.47
 397  16.04 4.29
 398  3.98 11.47
 399  3.13 17.98
 400  15.30 6.27
 401  7.98 12.41
 402  0.96 0.47
 403  7.01 6.72
 404  12.96 5.68
 405  15.23 11.28
 406  4.28 2.09
 407  0.81 10.68
 408  16.85 4.50
 409  14.67 13.96
 410  9.91 13.19
 411  9.49 11.19
 412  9.66 7.54
 413  15.48 13.65
 414  1.01 0.61
 415  13.63 16.31
 416  6.88 3.61
 417  10.71 7.85
 418  4.07 17.72
 419  14.56 17.03
 420  5.40 11.80
 421  10.31 9.68
 422  13.88 11.12
 423  2.36 12.74
 424  15.61 17.02
 425  8.70 7.53
 426  12.22 0.19
 427  0.72 3.88
 428  7.73 16.20
 429  17.53 8.74
 430  16.82 13.16
 431  7.05 5.70
 432  16.77 17.76
 433  13.55 2.84
 434  17.48 10.11
 435  1.87 4.88
 436  3.91 12.18
 437  14.56 17.79
 438  5.30 16.91
 439  12.53 2.92
 440  15.94 3.22
 441  10.44 10.15
 442  3.42 11.16
 443  14.04 11.15
 444  9.37 13.57
 445  1.88 8.19
 446  8.73 8.93
 447  13.89 7.49
 448  8.69 9.44
 449  10.34 8.17
 450  1.55 12.21
 451  13.05 5.46
 452  6.39 9.61
 453  5.25 11.69
 454  8.52 17.77
 455  14.61 6.46
 456  3.00 7.05
 457  16.61 6.42
 458  0.21 12.65
 459  17.56 9.58
 460  8.21 1.45
 461  17.76 16.94
 462  10.37 13.65
 463  6.43 1.06
 464  5.09 16.77
 465  9.23 6.64
 466  10.98 4.28
 467  12.10 17.37
 468  13.89 17.35
 469  11.06 4.41
 470  17.12 7.66
 471  10.86 2.12
 472  14.71 9.48
 473  8.53 14.92
 474  4.12 8.10
 475  6.50 12.34
 476  9.54 6.26
 477  11.27 1.91
 478  1.91 17.71
 479  2.97 7.00
 480  16.48 12.20
 481  13.64 9.46
 482  16.48 7.74
 483  8.83 12.37
 484  7.09 1.88
 485  16.77 6.21
 486  9.55 9.64
 487  8.32 6.26
 488  1.11 16.86
 489  3.18 5.23
 490  6.95 9.68
 491  17.57 16.50
 492  15.94 10.84
 493  0.41 17.85
 494  10.55 3.38
 495  6.86 9.03
 496  15.59 2.50
 497  0.49 14.07
 498  10.24 9.32
 499  8.44 17.33
 500  11.20 7.21
 501  5.54 2.75
 502  16.85 13.86
 503  9.00 17.96
 504  12.72 12.18
 505  5.19 1.68
 506  3.86 4.76
 507  0.17 1.80
 508  15.61 0.58
 509  1.65 8.16
 510  3.97 8.50
 511  17.19 1.56
 512  11.01 17.68
 513  15.63 3.25
 514  9.00 6.06
 515  2.58 2.20
 516  13.27 8.12
 517  4.94 12.12
 518  3.98 13.95
 519  12.08 16.70
 520  8.13 17.27
 521  0.38 11.99
 522  4.04 0.55
 523  13.78 1.65
 524  1.14 15.43
 525  9.81 5.10
 526  5.94 9.00
 527  6.66 16.94
 528  8.68 4.28
 529  2.19 17.68
 530  10.35 4.77
 531  1.88 5.62
 532  12.89 6.82
 533  17.74 16.87
 534  2.77 11.83
 535  15.58 10.89
 536  11.10 15.96
 537  4.88 15.14
 538  16.51 0.66
 539  16.78 17.65
 540  16.09 8.59
 541  4.75 4.03
 542  17.59 11.41
 543  2.97 8.27
 544  15.69 5.16
 545  7.95 8.04
 546  9.93 9.83
 547  13.66 4.82
 548  16.65 13.40
 549  3.69 1.42
 550  7.23 1.27
 551  12.31 0.33
 552  17.23 17.19
 553  15.47 15.74
 554  17.85 14.25
 555  15.39 15.95
 556  4.84 2.14
 557  1.97 4.43
 558  13.55 4.94
 559  12.70 11.24
 560  10.10 2.66
 561  1.27 2.03
 562  12.49 14.93
 563  6.84 11.14
 564  10.34 10.54
 565  12.56 17.57
 566  11.81 6.88
 567  17.90 11.04
 568  6.07 15.36
 569  8.78 5.92
 570  11.61 6.17
 571  3.87 16.46
 572  8.31 5.84
 573  2.89 3.85
 574  10.78 15.59
 575  15.09 2.88
 576  0.25 16.36
 577  4.90 12.74
 578  13.30 11.75
 579  5.88 5.64
 580  4.29 0.44
 581  5.20 16.09
 582  7.31 5.10
 583  9.13 13.38
 584  2.46 17.91
 585  1.30 14.08
 586  6.08 5.17
 587  12.54 14.38
 588  11.01 15.42
 589  0.24 3.79
 590  13.01 15.33
 591  6.67 13.26
 592  13.69 11.57
 593  7.99 8.99
 594  5.32 13.87
 595  14.63 9.60
 596  14.31 1.83
 597  7.70 3.62
 598  6.93 16.83
 599  17.01 9.40
 600  16.73 0.31
 601  5.48 4.81
 602  5.48 0.01
 603  1.20 16.49
 604  15.43 1.43
 605  2.28 10.44
 606  16.76 8.95
 607  5.70 12.45
 608  2.52 13.69
 609  3.44 7.84
 610  9.56 0.06
 611  17.44 5.87
 612  1.89 7.14
 613  9.49 8.82
 614  5.97 8.50
 615  0.22 4.70
 616  8.81 5.70
 617  9.51 14.29
 618  5.71 10.71
 619  12.78 3.14
 620  12.14 15.06
 621  13.58 10.90
 622  6.01 1.28
 623  5.34 8.53
 624  14.97 8.78
 625  16.37 6.53
 626  8.84 15.82
 627  12.40 10.73
 628  4.96 3.89
 629  1.55 10.92
 630  12.38 1.77
 631  15.62 3.19
 632  7.47 7.13
 633  17.47 13.18
 634  17.84 12.25
 635  16.32 11.98
 636  9.32 11.91
 637  4.88 15.33
 638  13.19 10.22
 639  5.86 10.16
 640  1.00 4.23
 641  16.70 9.83
 642  2.05 11.09
 643  2.56 7.01
 644  14.98 4.12
 645  17.93 9.36
 646  5.89 15.55
 647  12.55 13.36
 648  4.68 12.03
 649  8.55 4.53
 650  6.28 6.87
 651  16.51 15.60
 652  0.78 3.39
 653  12.93 13.97
 654  13.60 0.79
 655  6.13 14.60
 656  5.02 4.83
 657  6.43 7.07
 658  15.92 9.00
 659  14.08 12.90
 660  13.11 14.00
 661  4.27 1.00
 662  11.55 16.82
 663  14.37 16.24
 664  10.85 4.91
 665  2.77 17.13
 666  11.78 1.27
 667  14.72 12.56
 668  4.66 9.65
 669  8.53 0.26
 670  10.44 14.66
 671  14.86 15.46
 672  1.49 3.29
 673  4.53 17.42
 674  12.29 0.60
 675  12.32 7.40
 676  14.61 16.59
 677  8.41 8.16
 678  15.41 4.77
 679  6.40 8.25
 680  9.69 9.16
 681  7.38 3.47
 682  10.44 4.10
 683  16.03 15.10
 684  13.75 6.56
 685  15.36 6.19
 686  3.22 12.22
 687  3.64 4.72
 688  15.52 8.17
 689  4.13 9.81
 690  8.77 16.45
 691  17.21 5.38
 692  15.04 7.62
 693  13.54 12.45
 694  12.39 1.93
 695  2.70 4.08
 696  11.10 10.08
 697  7.55 3.53
 698  14.19 5.58
 699  0.63 9.94
 700  12.14 15.99
 701  16.13 15.36
 702  10.21 1.78
 703  2.08 7.73
 704  9.95 6.21
 705  17.53 0.72
 706  4.66 16.74
 707  6.10 1.71
 708  6.36 1.63
 709  14.16 0.75
 710  3.57 16.86
 711  4.82 14.67
 712  8.94 12.37
 713  0.20 5.13
 714  17.95 0.83
 715  15.08 12.08
 716  16.82 13.21
 717  9.44 9.03
 718  14.98 11.52
 719  16.75 6.93
 720  17.73 16.29
 721  7.65 4.40
 722  15.03 13.75
 723  6.10 3.38
 724  15.38 2.26
 725  4.13 0.95
 726  1.12 8.95
 727  15.62 10.07
 728  3.32 15.82
 729  15.20 3.27
 730  16.65 12.28
 731  15.35 15.47
 732  7.49 6.80
 733  6.50 4.47
 734  0.32 5.25
 735  11.40 0.05
 736  3.53 1.05
 737  4.45 0.56
 738  14.80 10.55
 739  3.94 12.18
 740  12.81 8.07
 741  13.13 13.93
 742  17.02 10.75
 743  6.00 2.34
 744  8.56 3.20
 745  5.61 7.21
 746  15.48 2.96
 747  4.68 4.96
 748  9.76 11.18
 749  9.43 10.07
 750  16.42 2.83
 751  10.13 1.96
 752  3.88 14.58
 753  2.52 0.68
 754  7.13 6.46
 755  12.85 1.94
 756  14.53 7.98
 757  15.88 13.55
 758  0.73 3.88
 759  15.89 9.29
 760  7.07 3.50
 761  16.50 4.55
 762  6.46 3.18
 763  9.51 16.22
 764  14.36 0.94
 765  8.29 12.79
 766  3.77 0.42
 767  14.74 7.65
 768  14.99 17.26
 769  8.33 4.12
 770  5.72 3.18
 771  6.06 2.25
 772  11.16 3.94
 773  15.80 11.89
 774  7.81 13.70
 775  3.18 14.89
 776  17.20 1.68
 777  1.44 5.66
 778  4.87 10.95
 779  3.87 1.23
 780  11.89 12.16
 781  14.02 15.66
 782  12.58 10.76
 783  5.32 9.57
 784  10.02 13.65
 785  13.69 15.74
 786  16.83 1.75
 787  18.00 9.99
 788  5.69 15.80
 789  3.88 13.50
 790  11.50 7.07
 791  10.39 10.70
 792  8.75 11.83
 793  16.35 13.62
 794  4.78 2.23
 795  14.85 16.68
 796  14.39 10.86
 797  14.34 8.97
 798  3.62 1.66
 799  0.54 13.64
 800  15.31 14.22
 801  11.39 14.14
 802  15.97 11.38
 803  6.13 3.66
 804  9.18 10.02
 805  17.17 2.68
 806  17.08 9.56
 807  13.38 7.83
 808  3.39 11.73
 809  3.45 8.18
 810  13.96 0.30
 811  6.85 10.35
 812  11.16 3.19
 813  1.32 14.79
 814  4.85 1.85
 815  10.43 2.16
 816  16.08 3.82
 817  16.30 14.05
 818  15.20 4.43
 819  17.72 6.38
 820  14.44 16.88
 821  9.07 13.53
 822  8.44 4.44
 823  3.36 11.83
 824  16.18 6.81
 825  2.01 12.14
 826  7.11 8.86
 827  4.49 0.27
 828  12.06 5.81
 829  15.05 16.91
 830  7.66 7.48
 831  1.07 5.74
 832  11.30 17.37
 833  1.79 8.50
 834  3.79 1.51
 835  14.88 0.24
 836  0.39 5.94
 837  13.76 8.83
 838  10.39 17.12
 839  2.66 8.57
 840  5.93 4.67
 841  2.71 13.03
 842  13.54 7.20
 843  13.30 7.59
 844  13.00 10.36
 845  6.50 2.66
 846  17.84 7.57
 847  8.40 11.14
 848  6.93 10.20
 849  1.63 10.73
 850  11.71 16.51
 851  10.97 12.10
 852  4.45 6.73
 853  2.93 14.84
 854  5.85 5.59
 855  5.41 11.78
 856  10.27 8.11
 857  6.82 5.80
 858  15.31 2.12
 859  13.39 10.31
 860  12.48 1.89
 861  12.98 12.32
 862  9.46 3.38
 863  5.46 16.40
 864  13.58 7.09
 865  9.12 7.28
 866  5.60 2.09
 867  1.38 10.05
 868  8.82 4.31
 869  6.90 14.68
 870  9.90 12.30
 871  8.46 2.17
 872  2.42 15.28
 873  7.97 17.73
 874  17.40 3.36
 875  10.04 11.88
 876  5.26 5.02
 877  6.20 14.72
 878  8.40 11.65
 879  13.11 3.98
 880  0.74 4.24
 881  11.26 6.34
 882  6.33 12.64
 883  16.40 15.15
 884  16.95 5.29
 885  11.83 8.86
 886  17.60 2.29
 887  11.03 2.01
 888  17.57 1.00
 889  1.74 16.97
 890  4.36 11.78
 891  10.85 9.62
 892  16.80 17.05
 893  6.34 7.20
 894  10.70 1.45
 895  11.18 11.45
 896  5.69 4.44
 897  17.79 12.02
 898  17.09 16.19
 899  9.17 16.04
 900  3.48 3.00
 901  6.90 3.07
 902  5.30 17.92
 903  5.09 4.87
 904  0.92 6.83
 905  3.84 5.28
 906  0.62 14.69
 907  14.90 17.42
 908  13.74 3.23
 909  6.62 6.45
 910  4.68 17.80
 911  17.90 10.37
 912  4.24 17.69
 913  4.39 3.33
 914  15.87 13.56
 915  1.37 1.35
 916  16.57 8.27
 917  4.42 3.86
 918  8.20 9.51
 919  8.73 9.12
 920  16.34 12.57
 921  14.40 16.96
 922  9.26 11.30
 923  16.38 5.01
 924  14.53 5.00
 925  11.46 1.22
 926  4.80 11.35
 927  11.59 9.05
 928  11.04 15.98
 929  12.38 8.91
 930  11.54 13.75
 931  10.26 10.11
 932  4.02 14.68
 933  13.97 12.22
 934  6.19 4.70
 935  3.34 4.54
 936  17.27 17.74
 937  3.50 8.54
 938  11.03 1.88
 939  13.55 7.57
 940  6.88 7.00
 941  8.78 11.68
 942  0.35 2.37
 943  2.72 11.39
 944  0.35 15.10
 945  2.30 11.89
 946  10.85 12.56
 947  3.99 14.88
 948  9.24 17.96
 949  9.10 15.43
 950  4.66 12.44
 951  1.97 3.94
 952  12.18 5.47
 953  12.48 5.21
 954  7.35 8.02
 955  12.78 14.22
 956  15.02 3.56
 957  7.90 15.38
 958  5.93 10.62
 959  8.77 6.27
 960  7.73 11.06
 961  0.16 0.58
 962  5.62 4.15
 963  15.46 14.86
 964  4.11 6.56
 965  12.30 8.78
 966  1.00 14.27
 967  12.71 13.17
 968  1.74 7.19
 969  0.38 9.09
 970  15.21 13.16
 971  5.31 12.24
 972  16.72 13.21
 973  9.61 4.65
 974  5.83 0.38
 975  10.92 13.56
 976  11.44 11.08
 977  14.14 17.06
 978  15.23 11.59
 979  13.92 1.34
 980  0.15 8.22
 981  10.12 1.15
 982  4.49 4.84
 983  14.32 6.23
 984  12.03 14.70
 985  15.31 9.24
 986  9.86 2.62
 987  3.47 8.58
 988  15.83 13.08
 989  13.23 3.66
 990  13.46 6.15
 991  17.22 6.90
 992  17.23 13.36
 993  5.96 14.45
 994  6.95 1.88
 995  15.80 7.10
 996  10.10 7.92
 997  8.25 14.59
 998  12.75 4.56
 999  2.82 6.78
 1000  1.27 0.13
 1001  16.02 11.13
 1002  2.75 1.49
 1003  1.71 0.58
 1004  14.57 14.94
 1005  4.24 10.03
 1006  3.09 3.46
 1007  16.93 2.32
 1008  16.81 4.89
 1009  16.77 5.76
 1010  6.78 14.57
 1011  12.86 16.88
 1012  4.49 3.11
 1013  13.48 17.24
 1014  7.67 16.29
 1015  6.02 8.94
 1016  16.43 4.03
 1017  2.07 1.18
 1018  5.52 3.78
 1019  1.76 2.10
 1020  0.72 5.99
 1021  12.13 3.81
 1022  9.45 11.06
 1023  6.13 8.27
 1024  15.95 4.90
 1025  14.03 4.73
 1026  1.47 8.90
 1027  3.61 5.95
 1028  12.01 17.09
 1029  5.19 1.68
 1030  15.38 11.21
 1031  10.62 13.81
 1032  15.24 12.69
 1033  14.98 2.76
 1034  16.47 16.74
 1035  4.86 17.19
 1036  4.73 16.99
 1037  3.01 14.19
 1038  10.05 9.13
 1039  4.46 8.00
 1040  14.03 0.49
 1041  12.73 15.50
 1042  9.39 16.34
 1043  3.45 3.39
 1044  15.43 8.64
 1045  5.07 12.82
 1046  1.85 15.69
 1047  8.63 17.09
 1048  10.38 5.61
 1049  1.85 8.85
 1050  4.35 6.71
 1051  8.04 9.09
 1052  5.70 11.05
 1053  5.27 15.75
 1054  2.18 9.73
 1055  5.75 16.21
 1056  10.22 0.48
 1057  13.71 1.61
 1058  16.82 17.16
 1059  5.00 14.25
 1060  7.80 10.08
 1061  9.07 9.65
 1062  7.77 17.70
 1063  8.74 0.15
 1064  5.31 10.59
 1065  8.99 9.66
 1066  17.31 17.03
 1067  0.74 5.01
 1068  10.08 6.02
 1069  2.76 12.26
 1070  15.75 8.50
 1071  10.47 7.97
 1072  8.98 6.19
 1073  9.58 7.80
 1074  5.35 14.59
 1075  4.06 13.15
 1076  6.66 13.13
 1077  4.80 14.43
 1078  12.83 13.54
 1079  14.58 0.14
 1080  6.14 5.57
 1081  9.79 5.45
 1082  4.60 10.54
 1083  10.46 14.68
 1084  16.56 13.21
 1085  8.94 14.31
 1086  3.72 1.41
 1087  4.28 12.70
 1088  7.60 13.86
 1089  2.50 12.95
 1090  10.45 6.56
 1091  8.10 17.11
 1092  1.69 12.91
 1093  13.54 14.52
 1094  8.45 10.11
 1095  14.65 14.59
 1096  15.68 6.44
 1097  2.03 2.29
 1098  16.98 12.49
 1099  16.97 15.54
 1100  7.70 7.91
 1101  11.84 11.42
 1102  9.32 16.12
 1103  6.12 16.92
 1104  11.99 8.62
 1105  11.88 4.43
 1106  15.17 1.98
 1107  3.54 16.86
 1108  14.89 17.08
 1109  13.38 5.34
 1110  9.19 10.03
 1111  1.93 6.88
 1112  16.47 3.96
 1113  9.16 15.45
 1114  16.45 8.13
 1115  12.99 6.15
 1116  16.04 6.84
 1117  17.57 7.36
 1118  4.96 5.68
 1119  6.28 16.95
 1120  14.30 0.16
 1121  3.38 11.47
 1122  2.14 6.92
 1123  10.34 17.02
 1124  6.00 5.71
 1125  4.36 15.19
 1126  15.74 6.29
 1127  4.07 14.22
 1128  10.25 13.23
 1129  11.67 8.69
 1130  3.36 6.66
 1131  14.84 1.40
 1132  13.50 14.41
 1133  8.76 0.46
 1134  2.09 15.04
 1135  17.41 16.38
 1136  15.19 2.79
 1137  9.86 17.33
 1138  9.70 2.19
 1139  16.36 15.70
 1140  7.91 2.72
 1141  12.89 5.65
 1142  9.00 16.96
 1143  1.87 1.25
 1144  12.19 13.54
 1145  9.94 15.55
 1146  2.20 6.78
 1147  16.95 15.70
 1148  3.19 7.71
 1149  16.17 5.28
 1150  4.74 15.57
 1151  3.66 1.94
 1152  0.36 13.52
 1153  1.27 10.06
 1154  15.71 17.63
 1155  7.77 5.62
 1156  2.34 2.66
 1157  11.27 11.35
 1158  1.62 13.13
 1159  12.60 13.82
 1160  8.67 4.54
 1161  11.37 10.87
 1162  11.32 10.32
 1163  8.57 14.51
 1164  0.03 6.74
 1165  1.79 4.77
 1166  4.31 5.45
 1167  6.71 4.67
 1168  0.97 7.98
 1169  14.73 16.67
 1170  7.61 4.50
 1171  4.29 9.95
 1172  7.16 15.56
 1173  3.30 8.78
 1174  10.69 15.89
 1175  4.60 1.36
 1176  2.43 15.97
 1177  12.23 13.75
 1178  8.29 2.80
 1179  10.26 8.32
 1180  9.54 12.05
 1181  13.10 13.86
 1182  17.50 1.81
 1183  0.53 0.46
 1184  9.79 15.26
 1185  17.14 17.40
 1186  1.76 3.43
 1187  9.35 8.91
 1188  0.98 12.65
 1189  17.69 11.67
 1190  10.54 4.29
 1191  13.03 12.97
 1192  2.26 7.26
 1193  8.72 10.56
 1194  10.07 0.99
 1195  0.88 1.61
 1196  13.03 13.97
 1197  15.47 12.53
 1198  15.78 15.99
 1199  12.99 7.57
 1200  13.25 12.13
 1201  6.97 15.01
 1202  15.55 16.32
 1203  5.92 16.54
 1204  10.97 5.61
 1205  10.21 3.51
 1206  9.91 5.25
 1207  16.48 12.17
 1208  12.51 7.20
 1209  4.72 4.58
 1210  8.19 5.60
 1211  6.19 3.22
 1212  1.57 3.65
 1213  15.75 17.36
 1214  1.65 10.75
 1215  6.93 14.90
 1216  4.87 13.90
 1217  11.90 2.43
 1218  12.22 17.82
 1219  0.97 5.19
 1220  5.44 11.18
 1221  8.70 15.34
 1222  16.43 7.18
 1223  9.51 10.94
 1224  14.38 14.23
 1225  15.51 4.57
 1226  1.83 3.70
 1227  7.80 3.41
 1228  7.35 5.55
 1229  2.76 9.00
 1230  16.30 9.69
 1231  5.90 3.17
 1232  5.59 17.80
 1233  5.60 17.82
 1234  17.63 6.56
 1235  5.01 5.06
 1236  17.74 13.71
 1237  2.41 16.17
 1238  2.89 11.92
 1239  9.10 17.27
 1240  8.15 6.62
 1241  3.85 9.99
 1242  10.31 11.64
 1243  13.39 17.67
 1244  17.19 16.16
 1245  8.67 15.49
 1246  7.85 14.56
 1247  0.66 13.44
 1248  14.36 6.25
 1249  13.26 13.99
 1250  12.82 0.27
 1251  1.05 12.56
 1252  13.98 3.46
 1253  10.73 16.87
 1254  15.38 1.83
 1255  16.14 5.53
 1256  8.45 1.99
 1257  15.52 0.76
 1258  13.63 10.91
 1259  0.43 12.82
 1260  9.07 9.10
 1261  10.31 16.92
 1262  5.66 10.97
 1263  12.37 2.02
 1264  17.23 7.63
 1265  16.01 12.04
 1266  7.89 17.07
 1267  6.60 3.87
 1268  2.53 17.33
 1269  2.74 17.91
 1270  1.16 0.88
 1271  5.44 9.61
 1272  2.86 2.96
 1273  10.38 16.49
 1274  13.87 10.81
 1275  11.31 4.95
 1276  1.90 3.62
 1277  3.87 7.56
 1278  14.60 16.23
 1279  9.58 13.82
 1280  5.86 7.60
 1281  7.86 13.75
 1282  6.66 14.47
 1283  17.62 9.19
 1284  13.80 2.36
 1285  9.10 14.96
 1286  3.23 14.54
 1287  6.57 6.09
 1288  17.50 16.95
 1289  4.58 13.38
 1290  9.76 15.90
 1291  0.32 11.66
 1292  1.52 4.19
 1293  1.22 16.12
 1294  2.42 10.80
 1295  11.94 8.28
 1296  0.40 1.80
 1297  4.03 7.06
 1298  16.27 3.65
 1299  16.25 12.06
 1300  6.01 7.35
 1301  9.02 9.24
 1302  3.90 15.60
 1303  15.34 3.40
 1304  14.55 1.92
 1305  16.78 6.30
 1306  17.82 17.11
 1307  17.96 1.34
 1308  3.29 1.18
 1309  17.45 5.72
 1310  11.98 11.39
 1311  13.99 12.38
 1312  13.19 0.02
 1313  1.44 11.45
 1314  3.67 17.70
 1315  5.52 9.68
 1316  7.05 14.54
 1317  0.93 10.95
 1318  12.13 16.26
 1319  14.35 8.68
 1320  0.19 13.13
 1321  14.98 0.00
 1322  12.24 14.94
 1323  1.34 15.53
 1324  16.11 0.79
 1325  3.25 10.09
 1326  12.18 17.24
 1327  4.47 7.37
 1328  17.26 5.91
 1329  0.82 2.94
 1330  5.61 6.34
 1331  12.62 12.66
 1332  2.88 13.54
 1333  5.61 15.01
 1334  11.81 1.96
 1335  5.69 11.99
 1336  15.09 2.67
 1337  11.99 9.32
 1338  17.60 13.33
 1339  6.86 15.72
 1340  14.13 10.10
 1341  7.81 8.31
 1342  9.34 12.28
 1343  15.68 8.61
 1344  0.19 16.50
 1345  11.54 5.80
 1346  4.84 6.16
 1347  0.46 7.72
 1348  1.70 6.06
 1349  4.73 13.51
 1350  8.02 10.42
 1351  7.50 5.11
 1352  13.08 1.49
 1353  14.43 12.68
 1354  14.83 3.29
 1355  10.40 10.95
 1356  13.39 0.21
 1357  1.26 4.73
 1358  12.49 16.94
 1359  13.34 12.69
 1360  15.44 6.88
 1361  0.49 2.28
 1362  13.03 0.95
 1363  10.00 14.74
 1364  7.01 14.73
 1365  10.24 15.03
 1366  7.15 17.74
 1367  2.14 2.23
 1368  1.23 16.57
 1369  14.91 16.06
 1370  1.85 7.31
 1371  9.02 15.24
 1372  7.52 10.28
 1373  1.97 2.02
 1374  9.22 15.31
 1375  14.70 6.66
 1376  4.19 15.19
 1377  8.95 17.22
 1378  16.13 0.95
 1379  13.96 5.14
 1380  15.68 6.20
 1381  2.17 4.82
 1382  5.94 4.31
 1383  7.05 7.18
 1384  2.88 3.96
 1385  5.24 4.73
 1386  11.28 14.26
 1387  1.98 0.80
 1388  6.54 3.95
 1389  2.82 15.76
 1390  1.26 17.52
 1391  4.42 5.45
 1392  14.71 13.37
 1393  4.67 12.84
 1394  14.32 0.63
 1395  17.98 12.00
 1396  6.83 2.16
 1397  16.82 12.77
 1398  6.47 5.88
 1399  1.95 9.35
 1400  9.84 7.19
 1401  14.08 3.11
 1402  3.45 16.05
 1403  3.91 9.98
 1404  2.01 6.73
 1405  7.74 3.27
 1406  6.25 12.17
 1407  8.72 2.95
 1408  7.54 13.39
 1409  15.80 3.86
 1410  14.02 15.78
 1411  15.85 2.86
 1412  17.94 14.68
 1413  15.63 6.40
 1414  2.55 17.58
 1415  15.75 12.39
 1416  6.77 11.83
 1417  15.51 10.22
 1418  9.88 1.42
 1419  2.21 11.89
 1420  8.15 9.95
 1421  15.15 14.40
 1422  4.11 5.87
 1423  17.35 11.65
 1424  1.26 15.15
 1425  15.51 15.29
 1426  12.93 13.36
 1427  0.14 12.86
 1428  10.04 15.77
 1429  1.27 12.59
 1430  15.36 17.02
 1431  6.98 4.13
 1432  10.84 4.49
 1433  14.35 2.73
 1434  5.91 16.56
 1435  14.61 14.06
 1436  8.50 11.77
 1437  10.46 12.62
 1438  17.64 9.81
 1439  6.27 0.90
 1440  6.96 3.78
 1441  16.19 1.89
 1442  17.14 16.33
 1443  14.76 9.17
 1444  14.11 16.02
 1445  3.77 11.46
 1446  15.04 10.75
 1447  15.59 7.88
 1448  15.24 11.94
 1449  10.61 3.15
 1450  10.50 7.22
 1451  17.21 1.00
 1452  0.99 9.66
 1453  13.62 0.63
 1454  1.48 1.89
 1455  1.54 8.44
 1456  5.67 17.73
 1457  10.33 4.81
 1458  16.06 7.09
 1459  13.98 12.16
 1460  5.11 17.75
 1461  5.62 2.15
 1462  10.49 3.22
 1463  10.03 7.73
 1464  15.16 2.64
 1465  10.88 7.66
 1466  9.87 10.08
 1467  8.66 10.86
 1468  1.75 4.29
 1469  11.49 3.22
 1470  6.18 13.03
 1471  11.67 11.85
 1472  12.76 4.00
 1473  16.66 10.81
 1474  11.09 12.63
 1475  4.97 16.20
 1476  12.38 10.60
 1477  0.35 4.87
 1478  13.82 10.39
 1479  12.60 10.98
 1480  13.03 5.48
 1481  0.64 4.90
 1482  15.56 9.30
 1483  15.76 17.31
 1484  13.59 9.26
 1485  2.53 1.77
 1486  4.29 14.20
 1487  13.62 17.04
 1488  0.20 12.28
 1489  9.85 11.29
 1490  6.91 14.83
 1491  9.49 1.29
 1492  7.43 9.84
 1493  6.16 3.25
 1494  2.23 0.77
 1495  14.22 15.26
 1496  6.25 14.86
 1497  2.16 3.81
 1498  6.16 17.93
 1499  3.12 1.75
 1500  9.18 5.65
