 0  0.00 0.00 
 1  4.73 4.27
 2  3.61 7.26
 3  5.64 0.81
 4  8.55 14.55
 5  7.73 6.44
 6  6.12 2.25
 7  8.80 9.47
 8  9.21 6.17
 9  1.61 13.07
 10  3.97 9.32
 11  10.06 5.37
 12  3.13 8.01
 13  5.77 12.67
 14  13.25 6.92
 15  9.76 11.59
 16  7.45 14.49
 17  0.86 11.05
 18  6.75 6.50
 19  11.86 0.31
 20  6.05 4.59
 21  6.75 12.17
 22  6.84 0.55
 23  6.64 1.05
 24  6.72 8.25
 25  14.13 10.68
 26  2.57 9.19
 27  1.06 5.70
 28  2.20 6.82
 29  3.37 0.45
 30  13.75 13.12
 31  12.04 6.19
 32  12.62 12.90
 33  2.25 4.37
 34  4.40 14.11
 35  4.68 10.44
 36  3.70 11.43
 37  7.61 10.54
 38  11.98 14.26
 39  11.59 3.70
 40  7.51 10.72
 41  14.38 10.08
 42  4.90 0.44
 43  0.78 7.10
 44  7.26 4.15
 45  7.55 6.00
 46  2.27 4.59
 47  12.20 14.89
 48  2.49 14.44
 49  4.26 6.89
 50  13.55 8.93
 51  2.33 2.24
 52  5.36 9.95
 53  12.78 2.34
 54  9.20 9.37
 55  6.03 1.71
 56  5.09 5.41
 57  11.79 9.99
 58  5.85 12.57
 59  2.09 13.11
 60  1.71 9.65
 61  4.11 3.98
 62  14.24 1.31
 63  3.87 1.73
 64  0.75 8.12
 65  8.62 14.30
 66  2.06 10.95
 67  1.54 7.42
 68  5.89 14.32
 69  9.75 0.10
 70  8.69 0.79
 71  1.80 13.78
 72  6.20 13.59
 73  8.77 12.05
 74  11.16 10.86
 75  10.16 12.87
 76  5.50 14.27
 77  1.85 4.74
 78  0.58 5.72
 79  6.47 1.33
 80  13.84 0.09
 81  0.62 0.90
 82  11.04 2.16
 83  8.31 1.93
 84  1.48 3.07
 85  2.03 10.17
 86  3.85 3.84
 87  8.95 10.05
 88  2.43 2.72
 89  7.10 13.59
 90  13.58 2.26
 91  11.46 4.08
 92  1.53 13.31
 93  8.82 2.11
 94  4.03 0.30
 95  3.44 2.87
 96  0.39 4.07
 97  3.76 11.43
 98  6.23 12.08
 99  13.36 7.71
 100  0.14 0.39
 101  2.88 3.99
 102  4.23 11.83
 103  14.05 6.66
 104  14.55 6.15
 105  5.25 13.13
 106  8.41 1.70
 107  2.21 9.95
 108  0.01 11.03
 109  12.06 4.04
 110  11.33 0.50
 111  6.91 11.72
 112  4.57 10.68
 113  8.14 10.80
 114  7.75 6.50
 115  3.51 7.89
 116  6.90 6.40
 117  11.88 11.12
 118  3.23 10.93
 119  2.78 2.78
 120  2.08 8.03
 121  0.91 10.49
 122  9.73 3.12
 123  5.44 9.75
 124  14.15 2.50
 125  13.79 10.48
 126  3.00 5.70
 127  7.20 7.58
 128  1.38 0.34
 129  3.38 9.13
 130  6.84 6.89
 131  2.02 13.74
 132  13.29 13.90
 133  9.86 1.52
 134  9.83 12.64
 135  4.30 11.91
 136  5.67 5.21
 137  7.40 0.41
 138  8.32 12.84
 139  10.15 7.47
 140  0.34 8.94
 141  2.95 3.34
 142  14.65 10.15
 143  10.92 1.02
 144  10.48 14.30
 145  10.15 2.32
 146  6.19 12.17
 147  1.06 4.48
 148  11.07 10.92
 149  6.00 5.90
 150  8.57 10.30
 151  2.82 14.24
 152  0.51 10.22
 153  14.65 8.83
 154  8.06 9.80
 155  1.30 8.40
 156  3.75 4.25
 157  11.75 3.39
 158  14.40 7.67
 159  4.42 9.88
 160  6.97 14.57
 161  12.21 13.16
 162  11.74 13.27
 163  2.64 7.81
 164  9.19 8.65
 165  13.71 2.76
 166  3.95 1.53
 167  2.00 4.46
 168  11.75 1.64
 169  13.29 4.81
 170  11.44 14.60
 171  13.21 0.19
 172  3.85 9.96
 173  3.58 3.25
 174  2.63 8.00
 175  13.13 9.59
 176  7.56 10.34
 177  7.75 4.30
 178  8.61 10.40
 179  12.11 2.80
 180  4.05 10.82
 181  5.56 8.00
 182  12.35 7.55
 183  12.46 9.09
 184  9.20 10.75
 185  13.90 5.64
 186  10.35 12.11
 187  5.83 14.20
 188  7.07 9.41
 189  2.45 9.70
 190  2.41 0.58
 191  4.29 9.98
 192  10.92 12.04
 193  14.28 4.52
 194  7.44 11.38
 195  7.32 11.49
 196  7.20 12.88
 197  4.49 4.55
 198  5.43 1.95
 199  13.64 14.63
 200  12.70 12.54
 201  5.27 8.05
 202  9.66 11.10
 203  7.25 1.73
 204  5.51 9.69
 205  11.43 7.93
 206  10.27 0.72
 207  2.90 6.18
 208  12.76 2.18
 209  10.71 5.20
 210  13.56 3.03
 211  1.69 5.76
 212  0.90 6.18
 213  10.31 6.33
 214  8.13 8.95
 215  5.96 5.83
 216  6.49 11.22
 217  13.88 1.15
 218  7.32 6.13
 219  2.88 12.84
 220  0.82 14.30
 221  5.77 11.09
 222  0.02 8.67
 223  2.28 12.78
 224  10.85 12.98
 225  2.98 9.41
 226  1.01 4.67
 227  0.18 1.91
 228  10.86 10.49
 229  8.24 3.99
 230  4.44 14.20
 231  9.82 10.93
 232  10.42 8.71
 233  12.08 2.75
 234  14.84 14.96
 235  0.59 0.66
 236  14.26 6.35
 237  11.76 14.27
 238  0.02 14.03
 239  12.05 10.87
 240  12.02 0.03
 241  5.29 13.02
 242  4.71 5.46
 243  14.94 0.57
 244  0.95 8.18
 245  4.56 5.39
 246  7.38 14.38
 247  1.32 2.80
 248  8.09 13.40
 249  5.55 7.93
 250  13.36 6.14
 251  8.59 12.62
 252  12.49 5.35
 253  11.89 12.51
 254  4.38 8.94
 255  8.39 1.40
 256  8.98 13.67
 257  14.42 13.68
 258  4.14 14.36
 259  14.25 5.09
 260  7.53 3.80
 261  10.48 14.91
 262  3.18 11.81
 263  2.71 11.27
 264  10.21 8.26
 265  4.20 8.57
 266  14.40 12.79
 267  6.19 11.89
 268  3.14 3.08
 269  9.41 7.53
 270  12.02 2.80
 271  8.93 6.00
 272  1.47 8.35
 273  4.68 5.61
 274  7.70 3.93
 275  10.70 0.24
 276  7.74 6.18
 277  0.15 10.92
 278  2.99 2.86
 279  7.19 13.20
 280  11.13 11.39
 281  6.77 10.53
 282  9.19 12.96
 283  7.43 12.33
 284  1.04 1.84
 285  4.86 13.06
 286  4.63 13.79
 287  4.06 6.10
 288  7.13 8.74
 289  11.71 14.84
 290  12.67 7.41
 291  0.08 5.41
 292  13.59 0.23
 293  1.33 1.57
 294  3.09 8.52
 295  14.77 14.22
 296  4.91 6.54
 297  9.75 14.10
 298  4.50 2.18
 299  11.43 5.53
 300  4.01 1.29
 301  3.59 8.64
 302  0.08 7.65
 303  14.75 7.21
 304  1.39 11.46
 305  7.05 14.06
 306  3.86 7.13
 307  4.47 2.45
 308  7.36 5.79
 309  4.02 10.45
 310  14.31 3.79
 311  9.68 4.22
 312  10.33 4.43
 313  3.32 14.82
 314  6.60 14.75
 315  5.36 10.62
 316  1.04 8.95
 317  4.26 1.12
 318  1.60 4.01
 319  8.33 2.99
 320  0.47 0.38
 321  2.05 4.33
 322  7.52 6.51
 323  6.78 14.88
 324  12.30 10.80
 325  10.33 11.61
 326  14.59 5.01
 327  0.83 9.92
 328  9.43 4.15
 329  9.75 1.04
 330  3.90 0.10
 331  11.65 4.94
 332  9.05 0.91
 333  6.05 10.65
 334  4.92 14.39
 335  13.64 5.39
 336  14.77 0.69
 337  9.72 7.29
 338  7.20 1.50
 339  7.16 4.51
 340  12.30 2.49
 341  1.12 11.90
 342  7.50 1.95
 343  6.82 1.93
 344  6.10 1.56
 345  2.97 9.99
 346  1.67 14.62
 347  14.93 10.72
 348  0.54 5.98
 349  6.37 5.46
 350  5.37 5.01
 351  10.85 5.14
 352  5.70 5.57
 353  12.43 12.90
 354  7.07 4.59
 355  2.40 4.37
 356  7.09 3.52
 357  1.26 14.59
 358  5.47 8.08
 359  1.52 11.56
 360  9.65 4.49
 361  6.56 11.31
 362  4.11 6.48
 363  7.03 4.65
 364  12.47 13.40
 365  10.11 2.84
 366  3.41 5.96
 367  7.98 9.10
 368  11.52 5.40
 369  7.00 3.59
 370  10.00 9.40
 371  7.96 2.08
 372  12.92 9.22
 373  1.67 3.38
 374  2.30 3.19
 375  14.95 11.95
 376  7.68 6.50
 377  8.26 11.79
 378  12.99 0.29
 379  1.44 10.45
 380  13.69 11.55
 381  13.29 2.09
 382  2.51 6.26
 383  11.19 14.03
 384  11.67 3.19
 385  2.62 6.66
 386  12.59 10.57
 387  8.74 10.50
 388  4.80 10.41
 389  13.89 7.10
 390  13.60 13.83
 391  4.05 6.28
 392  5.34 12.30
 393  3.07 3.32
 394  12.59 4.51
 395  13.77 11.28
 396  1.07 12.06
 397  13.37 3.58
 398  3.32 9.56
 399  2.61 14.99
 400  12.75 5.23
 401  6.65 10.34
 402  0.80 0.39
 403  5.84 5.60
 404  10.80 4.73
 405  12.69 9.40
 406  3.56 1.74
 407  0.68 8.90
 408  14.04 3.75
 409  12.22 11.64
 410  8.26 10.99
 411  7.91 9.33
 412  8.05 6.28
 413  12.90 11.37
 414  0.84 0.51
 415  11.36 13.59
 416  5.74 3.01
 417  8.93 6.54
 418  3.39 14.77
 419  12.14 14.19
 420  4.50 9.83
 421  8.59 8.06
 422  11.57 9.27
 423  1.96 10.61
 424  13.01 14.19
 425  7.25 6.27
 426  10.18 0.16
 427  0.60 3.23
 428  6.44 13.50
 429  14.61 7.28
 430  14.02 10.97
 431  5.87 4.75
 432  13.97 14.80
 433  11.29 2.37
 434  14.57 8.43
 435  1.56 4.07
 436  3.26 10.15
 437  12.13 14.83
 438  4.42 14.09
 439  10.44 2.43
 440  13.28 2.69
 441  8.70 8.46
 442  2.85 9.30
 443  11.70 9.29
 444  7.81 11.30
 445  1.57 6.82
 446  7.27 7.44
 447  11.57 6.25
 448  7.24 7.87
 449  8.61 6.81
 450  1.29 10.17
 451  10.87 4.55
 452  5.32 8.01
 453  4.37 9.74
 454  7.10 14.81
 455  12.17 5.38
 456  2.50 5.87
 457  13.84 5.35
 458  0.18 10.54
 459  14.64 7.98
 460  6.84 1.20
 461  14.80 14.12
 462  8.64 11.38
 463  5.36 0.88
 464  4.24 13.97
 465  7.69 5.53
 466  9.15 3.57
 467  10.08 14.47
 468  11.57 14.45
 469  9.22 3.67
 470  14.27 6.39
 471  9.05 1.76
 472  12.26 7.90
 473  7.11 12.43
 474  3.44 6.75
 475  5.42 10.28
 476  7.95 5.22
 477  9.40 1.60
 478  1.59 14.76
 479  2.48 5.84
 480  13.73 10.17
 481  11.37 7.88
 482  13.73 6.45
 483  7.35 10.31
 484  5.91 1.57
 485  13.98 5.17
 486  7.96 8.03
 487  6.94 5.21
 488  0.93 14.05
 489  2.65 4.36
 490  5.80 8.06
 491  14.64 13.75
 492  13.28 9.04
 493  0.34 14.88
 494  8.79 2.82
 495  5.71 7.53
 496  12.99 2.08
 497  0.41 11.73
 498  8.54 7.76
 499  7.03 14.44
 500  9.33 6.01
 501  4.62 2.29
 502  14.04 11.55
 503  7.50 14.97
 504  10.60 10.15
 505  4.33 1.40
 506  3.22 3.97
 507  0.14 1.50
 508  13.01 0.49
 509  1.37 6.80
 510  3.31 7.09
 511  14.33 1.30
 512  9.17 14.74
 513  13.02 2.71
 514  7.50 5.05
 515  2.15 1.83
 516  11.06 6.77
 517  4.12 10.10
 518  3.32 11.62
 519  10.07 13.92
 520  6.77 14.40
 521  0.32 9.99
 522  3.36 0.46
 523  11.49 1.37
 524  0.95 12.86
 525  8.17 4.25
 526  4.95 7.50
 527  5.55 14.12
 528  7.24 3.57
 529  1.82 14.73
 530  8.62 3.98
 531  1.57 4.68
 532  10.74 5.68
 533  14.79 14.06
 534  2.31 9.85
 535  12.98 9.08
 536  9.25 13.30
 537  4.07 12.62
 538  13.76 0.55
 539  13.99 14.71
 540  13.41 7.16
 541  3.96 3.36
 542  14.66 9.51
 543  2.47 6.89
 544  13.08 4.30
 545  6.63 6.70
 546  8.27 8.19
 547  11.38 4.02
 548  13.88 11.17
 549  3.08 1.18
 550  6.02 1.06
 551  10.26 0.27
 552  14.36 14.33
 553  12.89 13.12
 554  14.88 11.88
 555  12.82 13.29
 556  4.03 1.78
 557  1.64 3.69
 558  11.29 4.12
 559  10.59 9.36
 560  8.41 2.21
 561  1.06 1.69
 562  10.41 12.45
 563  5.70 9.29
 564  8.62 8.78
 565  10.47 14.64
 566  9.84 5.73
 567  14.91 9.20
 568  5.06 12.80
 569  7.32 4.93
 570  9.68 5.14
 571  3.22 13.71
 572  6.92 4.87
 573  2.40 3.21
 574  8.98 12.99
 575  12.57 2.40
 576  0.20 13.64
 577  4.09 10.61
 578  11.08 9.79
 579  4.90 4.70
 580  3.57 0.37
 581  4.34 13.41
 582  6.10 4.25
 583  7.61 11.15
 584  2.05 14.92
 585  1.09 11.73
 586  5.06 4.31
 587  10.45 11.99
 588  9.18 12.85
 589  0.20 3.16
 590  10.84 12.77
 591  5.56 11.05
 592  11.41 9.64
 593  6.66 7.49
 594  4.43 11.56
 595  12.19 8.00
 596  11.92 1.53
 597  6.41 3.02
 598  5.78 14.02
 599  14.17 7.83
 600  13.95 0.26
 601  4.56 4.01
 602  4.57 0.01
 603  1.00 13.74
 604  12.86 1.19
 605  1.90 8.70
 606  13.96 7.46
 607  4.75 10.37
 608  2.10 11.41
 609  2.86 6.53
 610  7.97 0.05
 611  14.54 4.89
 612  1.58 5.95
 613  7.91 7.35
 614  4.97 7.08
 615  0.18 3.92
 616  7.34 4.75
 617  7.93 11.91
 618  4.76 8.92
 619  10.65 2.62
 620  10.12 12.55
 621  11.32 9.08
 622  5.01 1.07
 623  4.45 7.11
 624  12.48 7.31
 625  13.64 5.44
 626  7.36 13.18
 627  10.33 8.94
 628  4.13 3.24
 629  1.29 9.10
 630  10.32 1.48
 631  13.02 2.66
 632  6.23 5.95
 633  14.56 10.98
 634  14.87 10.21
 635  13.60 9.98
 636  7.76 9.92
 637  4.06 12.77
 638  10.99 8.52
 639  4.88 8.47
 640  0.83 3.53
 641  13.91 8.19
 642  1.71 9.24
 643  2.14 5.84
 644  12.48 3.43
 645  14.94 7.80
 646  4.91 12.96
 647  10.46 11.14
 648  3.90 10.02
 649  7.12 3.77
 650  5.23 5.72
 651  13.76 13.00
 652  0.65 2.82
 653  10.77 11.64
 654  11.34 0.66
 655  5.11 12.17
 656  4.18 4.02
 657  5.36 5.89
 658  13.27 7.50
 659  11.73 10.75
 660  10.93 11.67
 661  3.56 0.84
 662  9.63 14.02
 663  11.97 13.53
 664  9.04 4.09
 665  2.30 14.27
 666  9.82 1.06
 667  12.27 10.47
 668  3.88 8.04
 669  7.11 0.22
 670  8.70 12.22
 671  12.39 12.88
 672  1.24 2.75
 673  3.77 14.51
 674  10.24 0.50
 675  10.27 6.17
 676  12.17 13.82
 677  7.01 6.80
 678  12.84 3.98
 679  5.33 6.88
 680  8.07 7.64
 681  6.15 2.89
 682  8.70 3.42
 683  13.36 12.58
 684  11.46 5.47
 685  12.80 5.16
 686  2.69 10.18
 687  3.04 3.93
 688  12.93 6.81
 689  3.44 8.17
 690  7.31 13.71
 691  14.34 4.48
 692  12.54 6.35
 693  11.28 10.37
 694  10.32 1.61
 695  2.25 3.40
 696  9.25 8.40
 697  6.29 2.94
 698  11.82 4.65
 699  0.52 8.29
 700  10.11 13.32
 701  13.44 12.80
 702  8.51 1.48
 703  1.73 6.44
 704  8.29 5.18
 705  14.61 0.60
 706  3.89 13.95
 707  5.08 1.42
 708  5.30 1.36
 709  11.80 0.62
 710  2.97 14.05
 711  4.02 12.22
 712  7.45 10.31
 713  0.17 4.28
 714  14.96 0.69
 715  12.56 10.07
 716  14.02 11.01
 717  7.87 7.52
 718  12.49 9.60
 719  13.96 5.78
 720  14.78 13.57
 721  6.37 3.66
 722  12.52 11.46
 723  5.09 2.82
 724  12.82 1.88
 725  3.44 0.79
 726  0.93 7.46
 727  13.01 8.39
 728  2.77 13.18
 729  12.67 2.72
 730  13.87 10.23
 731  12.79 12.89
 732  6.24 5.66
 733  5.41 3.72
 734  0.27 4.37
 735  9.50 0.04
 736  2.94 0.87
 737  3.71 0.47
 738  12.33 8.79
 739  3.29 10.15
 740  10.68 6.73
 741  10.94 11.61
 742  14.18 8.95
 743  5.00 1.95
 744  7.14 2.67
 745  4.67 6.01
 746  12.90 2.47
 747  3.90 4.13
 748  8.13 9.31
 749  7.86 8.40
 750  13.69 2.36
 751  8.44 1.63
 752  3.23 12.15
 753  2.10 0.56
 754  5.94 5.38
 755  10.71 1.62
 756  12.11 6.65
 757  13.23 11.29
 758  0.61 3.23
 759  13.24 7.74
 760  5.90 2.92
 761  13.75 3.79
 762  5.38 2.65
 763  7.93 13.51
 764  11.97 0.78
 765  6.91 10.65
 766  3.14 0.35
 767  12.29 6.38
 768  12.49 14.39
 769  6.94 3.43
 770  4.77 2.65
 771  5.05 1.88
 772  9.30 3.28
 773  13.17 9.91
 774  6.51 11.41
 775  2.65 12.41
 776  14.33 1.40
 777  1.20 4.71
 778  4.06 9.13
 779  3.23 1.02
 780  9.91 10.14
 781  11.68 13.05
 782  10.48 8.97
 783  4.43 7.97
 784  8.35 11.37
 785  11.41 13.12
 786  14.03 1.46
 787  15.00 8.33
 788  4.74 13.17
 789  3.24 11.25
 790  9.58 5.89
 791  8.66 8.91
 792  7.29 9.86
 793  13.63 11.35
 794  3.99 1.86
 795  12.37 13.90
 796  11.99 9.05
 797  11.95 7.47
 798  3.02 1.38
 799  0.45 11.37
 800  12.76 11.85
 801  9.49 11.78
 802  13.31 9.49
 803  5.11 3.05
 804  7.65 8.35
 805  14.31 2.24
 806  14.23 7.97
 807  11.15 6.53
 808  2.83 9.78
 809  2.88 6.81
 810  11.63 0.25
 811  5.71 8.63
 812  9.30 2.66
 813  1.10 12.32
 814  4.04 1.55
 815  8.69 1.80
 816  13.40 3.18
 817  13.58 11.71
 818  12.67 3.69
 819  14.76 5.32
 820  12.04 14.07
 821  7.55 11.27
 822  7.03 3.70
 823  2.80 9.86
 824  13.48 5.67
 825  1.67 10.12
 826  5.92 7.38
 827  3.74 0.22
 828  10.05 4.84
 829  12.54 14.09
 830  6.38 6.24
 831  0.89 4.78
 832  9.41 14.47
 833  1.49 7.08
 834  3.16 1.26
 835  12.40 0.20
 836  0.33 4.95
 837  11.47 7.36
 838  8.66 14.27
 839  2.22 7.14
 840  4.94 3.89
 841  2.25 10.86
 842  11.28 6.00
 843  11.09 6.33
 844  10.84 8.63
 845  5.42 2.22
 846  14.87 6.31
 847  7.00 9.28
 848  5.78 8.50
 849  1.36 8.94
 850  9.76 13.76
 851  9.14 10.08
 852  3.71 5.61
 853  2.44 12.37
 854  4.88 4.66
 855  4.51 9.82
 856  8.56 6.76
 857  5.68 4.84
 858  12.76 1.77
 859  11.16 8.59
 860  10.40 1.58
 861  10.81 10.27
 862  7.88 2.82
 863  4.55 13.66
 864  11.32 5.91
 865  7.60 6.07
 866  4.67 1.74
 867  1.15 8.38
 868  7.35 3.59
 869  5.75 12.23
 870  8.25 10.25
 871  7.05 1.81
 872  2.02 12.73
 873  6.64 14.77
 874  14.50 2.80
 875  8.37 9.90
 876  4.38 4.18
 877  5.17 12.27
 878  7.00 9.71
 879  10.93 3.32
 880  0.62 3.53
 881  9.39 5.29
 882  5.27 10.54
 883  13.66 12.63
 884  14.13 4.41
 885  9.86 7.38
 886  14.66 1.91
 887  9.19 1.68
 888  14.64 0.83
 889  1.45 14.14
 890  3.63 9.82
 891  9.04 8.01
 892  14.00 14.21
 893  5.28 6.00
 894  8.92 1.21
 895  9.32 9.54
 896  4.74 3.70
 897  14.83 10.02
 898  14.24 13.49
 899  7.64 13.37
 900  2.90 2.50
 901  5.75 2.56
 902  4.41 14.94
 903  4.24 4.06
 904  0.77 5.69
 905  3.20 4.40
 906  0.51 12.24
 907  12.42 14.52
 908  11.45 2.70
 909  5.52 5.37
 910  3.90 14.83
 911  14.91 8.64
 912  3.54 14.74
 913  3.66 2.78
 914  13.23 11.30
 915  1.15 1.13
 916  13.81 6.89
 917  3.69 3.22
 918  6.83 7.93
 919  7.28 7.60
 920  13.62 10.48
 921  12.00 14.13
 922  7.72 9.41
 923  13.65 4.17
 924  12.11 4.17
 925  9.55 1.01
 926  4.00 9.46
 927  9.66 7.54
 928  9.20 13.31
 929  10.31 7.42
 930  9.62 11.46
 931  8.55 8.42
 932  3.35 12.24
 933  11.64 10.18
 934  5.16 3.92
 935  2.78 3.78
 936  14.39 14.78
 937  2.91 7.12
 938  9.20 1.56
 939  11.29 6.30
 940  5.73 5.83
 941  7.32 9.73
 942  0.29 1.97
 943  2.27 9.49
 944  0.29 12.58
 945  1.92 9.91
 946  9.04 10.46
 947  3.33 12.40
 948  7.70 14.97
 949  7.58 12.86
 950  3.89 10.37
 951  1.64 3.28
 952  10.15 4.56
 953  10.40 4.34
 954  6.12 6.68
 955  10.65 11.85
 956  12.52 2.97
 957  6.58 12.81
 958  4.94 8.85
 959  7.30 5.23
 960  6.44 9.22
 961  0.13 0.48
 962  4.68 3.46
 963  12.88 12.38
 964  3.43 5.46
 965  10.25 7.31
 966  0.83 11.89
 967  10.60 10.98
 968  1.45 5.99
 969  0.32 7.57
 970  12.68 10.97
 971  4.42 10.20
 972  13.93 11.01
 973  8.01 3.87
 974  4.86 0.31
 975  9.10 11.30
 976  9.53 9.23
 977  11.78 14.22
 978  12.69 9.66
 979  11.60 1.12
 980  0.13 6.85
 981  8.43 0.95
 982  3.74 4.03
 983  11.93 5.19
 984  10.02 12.25
 985  12.76 7.70
 986  8.22 2.18
 987  2.89 7.15
 988  13.19 10.90
 989  11.02 3.05
 990  11.22 5.12
 991  14.35 5.75
 992  14.35 11.13
 993  4.97 12.05
 994  5.79 1.57
 995  13.16 5.92
 996  8.42 6.60
 997  6.87 12.16
 998  10.63 3.80
 999  2.35 5.65
 1000  1.05 0.11
 1001  13.35 9.27
 1002  2.29 1.24
 1003  1.43 0.48
 1004  12.14 12.45
 1005  3.53 8.36
 1006  2.57 2.88
 1007  14.11 1.93
 1008  14.01 4.08
 1009  13.97 4.80
 1010  5.65 12.14
 1011  10.72 14.07
 1012  3.74 2.59
 1013  11.23 14.37
 1014  6.39 13.58
 1015  5.01 7.45
 1016  13.69 3.36
 1017  1.72 0.98
 1018  4.60 3.15
 1019  1.46 1.75
 1020  0.60 5.00
 1021  10.11 3.18
 1022  7.88 9.22
 1023  5.11 6.89
 1024  13.29 4.08
 1025  11.69 3.94
 1026  1.22 7.41
 1027  3.01 4.96
 1028  10.01 14.24
 1029  4.32 1.40
 1030  12.82 9.34
 1031  8.85 11.51
 1032  12.70 10.57
 1033  12.49 2.30
 1034  13.72 13.95
 1035  4.05 14.33
 1036  3.95 14.16
 1037  2.51 11.82
 1038  8.37 7.61
 1039  3.71 6.67
 1040  11.69 0.41
 1041  10.61 12.92
 1042  7.82 13.62
 1043  2.87 2.83
 1044  12.86 7.20
 1045  4.23 10.68
 1046  1.54 13.08
 1047  7.19 14.24
 1048  8.65 4.68
 1049  1.55 7.37
 1050  3.63 5.60
 1051  6.70 7.57
 1052  4.75 9.20
 1053  4.40 13.12
 1054  1.82 8.11
 1055  4.79 13.51
 1056  8.52 0.40
 1057  11.43 1.34
 1058  14.02 14.30
 1059  4.17 11.88
 1060  6.50 8.40
 1061  7.56 8.04
 1062  6.47 14.75
 1063  7.28 0.12
 1064  4.42 8.83
 1065  7.49 8.05
 1066  14.42 14.19
 1067  0.62 4.17
 1068  8.40 5.02
 1069  2.30 10.22
 1070  13.13 7.09
 1071  8.73 6.64
 1072  7.48 5.16
 1073  7.99 6.50
 1074  4.46 12.15
 1075  3.38 10.96
 1076  5.55 10.94
 1077  4.00 12.02
 1078  10.69 11.29
 1079  12.15 0.11
 1080  5.11 4.64
 1081  8.16 4.54
 1082  3.84 8.78
 1083  8.71 12.23
 1084  13.80 11.01
 1085  7.45 11.92
 1086  3.10 1.18
 1087  3.57 10.58
 1088  6.33 11.55
 1089  2.08 10.79
 1090  8.71 5.47
 1091  6.75 14.26
 1092  1.41 10.76
 1093  11.28 12.10
 1094  7.04 8.43
 1095  12.21 12.16
 1096  13.07 5.37
 1097  1.69 1.90
 1098  14.15 10.41
 1099  14.14 12.95
 1100  6.42 6.59
 1101  9.87 9.51
 1102  7.77 13.44
 1103  5.10 14.10
 1104  9.99 7.18
 1105  9.90 3.69
 1106  12.65 1.65
 1107  2.95 14.05
 1108  12.41 14.23
 1109  11.15 4.45
 1110  7.66 8.36
 1111  1.60 5.73
 1112  13.73 3.30
 1113  7.64 12.88
 1114  13.71 6.77
 1115  10.83 5.12
 1116  13.36 5.70
 1117  14.64 6.13
 1118  4.13 4.73
 1119  5.24 14.12
 1120  11.91 0.13
 1121  2.81 9.56
 1122  1.78 5.77
 1123  8.61 14.19
 1124  5.00 4.76
 1125  3.63 12.66
 1126  13.12 5.24
 1127  3.39 11.85
 1128  8.54 11.03
 1129  9.73 7.24
 1130  2.80 5.55
 1131  12.37 1.16
 1132  11.25 12.01
 1133  7.30 0.38
 1134  1.74 12.53
 1135  14.51 13.65
 1136  12.66 2.32
 1137  8.21 14.44
 1138  8.09 1.83
 1139  13.63 13.09
 1140  6.59 2.26
 1141  10.75 4.71
 1142  7.50 14.14
 1143  1.56 1.04
 1144  10.16 11.28
 1145  8.29 12.96
 1146  1.83 5.65
 1147  14.13 13.09
 1148  2.66 6.42
 1149  13.47 4.40
 1150  3.95 12.98
 1151  3.05 1.62
 1152  0.30 11.26
 1153  1.06 8.39
 1154  13.09 14.69
 1155  6.47 4.68
 1156  1.95 2.22
 1157  9.39 9.46
 1158  1.35 10.94
 1159  10.50 11.51
 1160  7.22 3.78
 1161  9.48 9.06
 1162  9.43 8.60
 1163  7.15 12.09
 1164  0.02 5.62
 1165  1.49 3.98
 1166  3.59 4.54
 1167  5.59 3.89
 1168  0.80 6.65
 1169  12.28 13.90
 1170  6.34 3.75
 1171  3.58 8.29
 1172  5.96 12.96
 1173  2.75 7.32
 1174  8.91 13.24
 1175  3.83 1.13
 1176  2.03 13.31
 1177  10.19 11.46
 1178  6.91 2.34
 1179  8.55 6.94
 1180  7.95 10.04
 1181  10.91 11.55
 1182  14.58 1.51
 1183  0.44 0.38
 1184  8.16 12.72
 1185  14.28 14.50
 1186  1.46 2.86
 1187  7.79 7.43
 1188  0.82 10.54
 1189  14.74 9.73
 1190  8.78 3.58
 1191  10.86 10.81
 1192  1.88 6.05
 1193  7.27 8.80
 1194  8.39 0.82
 1195  0.73 1.34
 1196  10.86 11.64
 1197  12.89 10.44
 1198  13.15 13.33
 1199  10.83 6.31
 1200  11.04 10.11
 1201  5.81 12.51
 1202  12.96 13.60
 1203  4.93 13.78
 1204  9.14 4.68
 1205  8.51 2.92
 1206  8.25 4.37
 1207  13.73 10.14
 1208  10.42 6.00
 1209  3.94 3.81
 1210  6.82 4.67
 1211  5.16 2.69
 1212  1.31 3.05
 1213  13.13 14.46
 1214  1.37 8.95
 1215  5.77 12.41
 1216  4.06 11.58
 1217  9.92 2.02
 1218  10.19 14.85
 1219  0.81 4.33
 1220  4.53 9.32
 1221  7.25 12.79
 1222  13.69 5.98
 1223  7.93 9.11
 1224  11.99 11.86
 1225  12.93 3.81
 1226  1.53 3.08
 1227  6.50 2.84
 1228  6.13 4.63
 1229  2.30 7.50
 1230  13.58 8.08
 1231  4.91 2.64
 1232  4.66 14.83
 1233  4.66 14.85
 1234  14.69 5.47
 1235  4.17 4.22
 1236  14.79 11.42
 1237  2.01 13.47
 1238  2.41 9.93
 1239  7.59 14.39
 1240  6.79 5.51
 1241  3.21 8.32
 1242  8.60 9.70
 1243  11.16 14.72
 1244  14.33 13.46
 1245  7.22 12.91
 1246  6.54 12.14
 1247  0.55 11.20
 1248  11.97 5.21
 1249  11.05 11.66
 1250  10.68 0.22
 1251  0.88 10.47
 1252  11.65 2.88
 1253  8.94 14.05
 1254  12.82 1.53
 1255  13.45 4.61
 1256  7.04 1.65
 1257  12.93 0.64
 1258  11.36 9.09
 1259  0.36 10.69
 1260  7.56 7.58
 1261  8.59 14.10
 1262  4.72 9.14
 1263  10.30 1.69
 1264  14.35 6.35
 1265  13.34 10.04
 1266  6.58 14.22
 1267  5.50 3.23
 1268  2.11 14.44
 1269  2.28 14.92
 1270  0.97 0.73
 1271  4.54 8.01
 1272  2.38 2.47
 1273  8.65 13.74
 1274  11.56 9.01
 1275  9.43 4.12
 1276  1.59 3.02
 1277  3.22 6.30
 1278  12.16 13.53
 1279  7.99 11.52
 1280  4.88 6.33
 1281  6.55 11.46
 1282  5.55 12.05
 1283  14.69 7.66
 1284  11.50 1.97
 1285  7.58 12.47
 1286  2.70 12.12
 1287  5.48 5.08
 1288  14.59 14.12
 1289  3.82 11.15
 1290  8.13 13.25
 1291  0.27 9.71
 1292  1.27 3.49
 1293  1.02 13.43
 1294  2.02 9.00
 1295  9.95 6.90
 1296  0.33 1.50
 1297  3.36 5.89
 1298  13.55 3.04
 1299  13.55 10.05
 1300  5.01 6.13
 1301  7.52 7.70
 1302  3.25 13.00
 1303  12.78 2.84
 1304  12.12 1.60
 1305  13.98 5.25
 1306  14.85 14.25
 1307  14.97 1.11
 1308  2.75 0.98
 1309  14.54 4.76
 1310  9.98 9.49
 1311  11.66 10.32
 1312  10.99 0.02
 1313  1.20 9.54
 1314  3.06 14.75
 1315  4.60 8.07
 1316  5.88 12.11
 1317  0.77 9.12
 1318  10.11 13.55
 1319  11.96 7.23
 1320  0.15 10.94
 1321  12.48 0.00
 1322  10.20 12.45
 1323  1.12 12.94
 1324  13.43 0.66
 1325  2.71 8.41
 1326  10.15 14.37
 1327  3.73 6.14
 1328  14.39 4.93
 1329  0.69 2.45
 1330  4.67 5.28
 1331  10.51 10.55
 1332  2.40 11.29
 1333  4.67 12.51
 1334  9.84 1.63
 1335  4.74 9.99
 1336  12.57 2.22
 1337  10.00 7.77
 1338  14.67 11.11
 1339  5.71 13.10
 1340  11.77 8.42
 1341  6.51 6.92
 1342  7.79 10.23
 1343  13.06 7.17
 1344  0.16 13.75
 1345  9.62 4.83
 1346  4.03 5.13
 1347  0.38 6.43
 1348  1.42 5.05
 1349  3.94 11.26
 1350  6.68 8.68
 1351  6.25 4.26
 1352  10.90 1.24
 1353  12.03 10.57
 1354  12.36 2.74
 1355  8.67 9.13
 1356  11.16 0.18
 1357  1.05 3.94
 1358  10.41 14.12
 1359  11.11 10.57
 1360  12.87 5.73
 1361  0.41 1.90
 1362  10.86 0.79
 1363  8.33 12.28
 1364  5.84 12.27
 1365  8.53 12.52
 1366  5.95 14.78
 1367  1.78 1.86
 1368  1.03 13.81
 1369  12.43 13.39
 1370  1.55 6.09
 1371  7.51 12.70
 1372  6.27 8.57
 1373  1.65 1.68
 1374  7.68 12.76
 1375  12.25 5.55
 1376  3.49 12.66
 1377  7.46 14.35
 1378  13.44 0.79
 1379  11.63 4.29
 1380  13.07 5.17
 1381  1.81 4.02
 1382  4.95 3.59
 1383  5.88 5.98
 1384  2.40 3.30
 1385  4.37 3.94
 1386  9.40 11.88
 1387  1.65 0.67
 1388  5.45 3.29
 1389  2.35 13.13
 1390  1.05 14.60
 1391  3.69 4.54
 1392  12.26 11.14
 1393  3.89 10.70
 1394  11.93 0.53
 1395  14.99 10.00
 1396  5.69 1.80
 1397  14.02 10.65
 1398  5.39 4.90
 1399  1.63 7.79
 1400  8.20 5.99
 1401  11.73 2.60
 1402  2.87 13.38
 1403  3.26 8.32
 1404  1.67 5.61
 1405  6.45 2.72
 1406  5.21 10.14
 1407  7.26 2.46
 1408  6.28 11.16
 1409  13.16 3.21
 1410  11.69 13.15
 1411  13.21 2.38
 1412  14.95 12.23
 1413  13.03 5.34
 1414  2.13 14.65
 1415  13.12 10.33
 1416  5.64 9.86
 1417  12.92 8.52
 1418  8.24 1.18
 1419  1.84 9.91
 1420  6.79 8.29
 1421  12.63 12.00
 1422  3.43 4.89
 1423  14.46 9.71
 1424  1.05 12.62
 1425  12.92 12.74
 1426  10.77 11.13
 1427  0.12 10.72
 1428  8.37 13.15
 1429  1.06 10.49
 1430  12.80 14.18
 1431  5.82 3.44
 1432  9.04 3.74
 1433  11.96 2.27
 1434  4.92 13.80
 1435  12.18 11.72
 1436  7.09 9.81
 1437  8.72 10.52
 1438  14.70 8.18
 1439  5.22 0.75
 1440  5.80 3.15
 1441  13.49 1.58
 1442  14.28 13.61
 1443  12.30 7.65
 1444  11.75 13.35
 1445  3.14 9.55
 1446  12.53 8.96
 1447  12.99 6.57
 1448  12.70 9.95
 1449  8.84 2.62
 1450  8.75 6.02
 1451  14.34 0.84
 1452  0.83 8.05
 1453  11.35 0.53
 1454  1.23 1.58
 1455  1.28 7.03
 1456  4.72 14.77
 1457  8.61 4.00
 1458  13.38 5.91
 1459  11.65 10.14
 1460  4.26 14.79
 1461  4.69 1.79
 1462  8.74 2.68
 1463  8.36 6.44
 1464  12.63 2.20
 1465  9.06 6.38
 1466  8.22 8.40
 1467  7.22 9.05
 1468  1.46 3.57
 1469  9.58 2.69
 1470  5.15 10.86
 1471  9.72 9.87
 1472  10.63 3.33
 1473  13.88 9.01
 1474  9.24 10.53
 1475  4.15 13.50
 1476  10.32 8.83
 1477  0.29 4.06
 1478  11.51 8.66
 1479  10.50 9.15
 1480  10.86 4.57
 1481  0.53 4.08
 1482  12.97 7.75
 1483  13.13 14.42
 1484  11.33 7.71
 1485  2.11 1.48
 1486  3.57 11.83
 1487  11.35 14.20
 1488  0.17 10.23
 1489  8.21 9.41
 1490  5.76 12.36
 1491  7.91 1.08
 1492  6.19 8.20
 1493  5.14 2.70
 1494  1.86 0.64
 1495  11.85 12.72
 1496  5.21 12.38
 1497  1.80 3.17
 1498  5.14 14.94
 1499  2.60 1.46
 1500  7.65 4.71
