 0  0.00 0.00 
 1  4.53 4.89
 2  4.05 1.44
 3  6.53 1.47
 4  4.68 3.38
 5  0.20 2.53
 6  0.49 0.67
 7  7.81 7.82
 8  6.99 0.42
 9  2.15 0.74
 10  7.05 4.50
 11  5.31 7.85
 12  7.70 1.12
 13  1.79 1.72
 14  0.10 6.95
 15  2.65 4.29
 16  4.45 7.18
 17  1.18 0.50
 18  0.62 7.71
 19  1.97 5.30
 20  3.09 2.17
 21  7.83 3.58
 22  2.84 7.64
 23  3.40 1.83
 24  0.06 5.55
 25  2.57 7.11
 26  2.05 7.88
 27  6.96 1.75
 28  0.99 0.75
 29  3.46 1.09
 30  7.70 6.12
 31  5.38 4.15
 32  5.30 6.55
 33  4.65 5.92
 34  6.26 6.62
 35  3.21 1.35
 36  0.79 3.04
 37  4.93 3.62
 38  2.68 0.33
 39  5.45 2.74
 40  5.88 0.02
 41  1.85 7.94
 42  7.90 0.82
 43  1.69 0.89
 44  1.57 5.15
 45  1.98 1.27
 46  3.27 7.36
 47  5.42 0.57
 48  5.91 2.07
 49  6.49 4.17
 50  0.68 1.70
 51  5.52 1.47
 52  4.74 2.45
 53  5.09 7.42
 54  2.78 2.55
 55  2.16 0.66
 56  2.57 4.01
 57  0.60 2.47
 58  4.83 2.29
 59  3.36 6.40
 60  7.44 5.34
 61  7.67 2.71
 62  4.70 5.08
 63  3.28 2.61
 64  7.15 1.77
 65  6.78 7.83
 66  3.47 4.30
 67  1.30 0.21
 68  6.75 6.40
 69  7.63 1.53
 70  0.95 1.79
 71  2.19 3.52
 72  5.80 2.79
 73  5.99 2.63
 74  5.08 1.35
 75  1.03 4.52
 76  6.69 0.70
 77  7.23 3.39
 78  5.78 2.50
 79  5.99 4.93
 80  4.27 4.77
 81  4.77 7.74
 82  1.08 6.07
 83  7.95 7.83
 84  4.47 7.58
 85  1.36 5.42
 86  1.36 3.56
 87  0.93 7.16
 88  6.35 6.92
 89  1.80 3.43
 90  0.27 2.83
 91  7.95 6.96
 92  3.53 7.18
 93  2.35 1.31
 94  1.68 0.34
 95  6.24 5.95
 96  5.12 3.01
 97  5.69 6.19
 98  1.08 5.64
 99  6.02 5.55
 100  5.22 7.38
 101  2.97 6.58
 102  2.94 3.90
 103  5.75 1.29
 104  2.82 7.54
 105  4.72 3.09
 106  2.37 4.67
 107  2.05 5.89
 108  3.85 4.40
 109  7.20 5.53
 110  4.74 5.44
 111  3.48 1.86
 112  0.45 1.17
 113  0.05 1.53
 114  6.82 6.07
 115  7.08 4.04
 116  5.46 2.05
 117  2.62 0.40
 118  5.95 0.36
 119  1.69 0.77
 120  7.91 6.42
 121  3.86 2.27
 122  3.09 5.91
 123  0.17 6.94
 124  2.31 7.37
 125  4.47 7.06
 126  4.81 7.95
 127  0.91 5.26
 128  1.12 0.97
 129  6.79 7.94
 130  7.04 5.88
 131  3.97 4.50
 132  7.92 6.59
 133  4.90 5.87
 134  6.96 6.60
 135  6.64 6.86
 136  5.01 2.50
 137  1.14 0.11
 138  0.41 1.31
 139  7.04 2.73
 140  0.68 3.51
 141  1.78 5.49
 142  3.46 2.70
 143  2.75 4.58
 144  3.66 1.55
 145  4.52 2.71
 146  7.42 0.49
 147  7.21 7.35
 148  7.09 4.11
 149  5.22 6.05
 150  2.71 3.86
 151  4.91 7.72
 152  6.36 6.05
 153  7.83 6.77
 154  7.36 6.87
 155  1.50 0.03
 156  2.38 3.28
 157  5.52 5.84
 158  5.98 0.28
 159  2.42 1.64
 160  1.83 6.94
 161  4.35 1.25
 162  7.44 3.55
 163  0.59 6.53
 164  7.66 5.81
 165  4.57 2.37
 166  1.66 1.48
 167  2.09 0.02
 168  7.53 1.92
 169  6.79 6.89
 170  0.79 0.29
 171  6.92 3.17
 172  3.56 4.45
 173  1.01 1.54
 174  4.72 3.44
 175  3.18 6.55
 176  2.38 7.53
 177  7.80 1.82
 178  3.08 0.39
 179  0.34 2.75
 180  6.20 4.92
 181  5.12 7.86
 182  6.40 7.21
 183  7.88 5.93
 184  1.12 6.67
 185  4.82 1.91
 186  6.95 3.74
 187  5.08 2.52
 188  0.19 6.10
 189  4.06 4.92
 190  1.53 7.24
 191  3.47 3.91
 192  6.77 3.26
 193  5.73 1.85
 194  3.65 6.08
 195  4.60 1.85
 196  2.99 1.72
 197  1.71 1.39
 198  0.92 1.59
 199  7.33 2.05
 200  0.26 4.15
 201  3.96 7.21
 202  7.89 1.04
 203  1.73 0.09
 204  7.14 5.79
 205  5.00 0.68
 206  5.03 0.47
 207  4.59 3.80
 208  3.73 2.32
 209  5.66 7.38
 210  0.40 2.26
 211  1.23 3.39
 212  3.97 2.94
 213  4.79 4.90
 214  4.53 4.11
 215  6.94 4.79
 216  0.26 2.90
 217  4.01 0.16
 218  3.95 5.74
 219  0.24 3.09
 220  3.53 5.25
 221  3.77 0.56
 222  5.71 0.36
 223  4.36 1.44
 224  2.68 2.02
 225  0.83 3.08
