 0  0.00 0.00 
 1  0.01 2.15
 2  0.85 5.11
 3  3.87 5.54
 4  2.86 5.41
 5  6.01 6.57
 6  4.90 6.18
 7  1.35 6.40
 8  4.85 6.58
 9  1.61 3.78
 10  4.78 2.58
 11  3.48 2.48
 12  5.57 0.61
 13  1.63 2.70
 14  2.75 5.49
 15  1.40 1.67
 16  0.45 3.08
 17  3.43 3.45
 18  1.51 4.53
 19  3.69 1.97
 20  1.45 0.47
 21  2.85 3.57
 22  3.72 4.70
 23  2.13 3.76
 24  2.29 6.59
 25  3.79 1.98
 26  2.09 3.82
 27  3.88 6.87
 28  5.97 2.11
 29  2.12 3.72
 30  5.89 0.79
 31  6.51 6.33
 32  1.81 5.65
 33  2.30 5.57
 34  1.60 1.03
 35  3.87 5.25
 36  0.99 5.80
 37  2.91 5.34
 38  6.65 6.22
 39  1.37 0.12
 40  2.12 0.29
 41  3.94 0.51
 42  1.21 4.84
 43  4.55 6.36
 44  1.71 0.58
 45  6.24 5.00
 46  4.47 1.85
 47  1.42 4.58
 48  1.56 1.37
 49  2.91 2.11
 50  6.04 0.55
 51  3.23 4.08
 52  3.10 4.66
 53  5.21 2.32
 54  3.37 4.28
 55  6.23 4.87
 56  0.51 4.61
 57  6.42 1.03
 58  6.79 2.86
 59  6.67 3.85
 60  6.59 0.60
 61  1.39 6.42
 62  4.20 6.01
 63  2.63 6.75
 64  4.06 6.88
 65  1.25 3.56
 66  2.79 2.88
 67  0.47 1.88
 68  1.14 3.82
 69  6.64 3.55
 70  3.06 0.81
 71  0.15 0.57
 72  1.60 4.41
 73  4.63 5.27
 74  2.55 6.86
 75  2.98 4.92
 76  5.64 1.53
 77  1.44 6.66
 78  5.95 5.98
 79  2.40 1.76
 80  2.29 4.30
 81  3.98 2.00
 82  6.04 4.55
 83  4.73 2.34
 84  2.10 2.83
 85  3.48 0.44
 86  1.66 0.91
 87  3.04 3.08
 88  1.49 0.47
 89  4.28 0.15
 90  4.41 0.43
 91  6.33 3.22
 92  5.52 2.34
 93  2.30 0.35
 94  6.43 5.49
 95  0.18 1.20
 96  1.77 1.34
 97  0.55 3.59
 98  1.18 3.14
 99  1.91 3.83
 100  6.06 6.58
 101  5.57 3.09
 102  3.00 6.18
 103  1.78 6.04
 104  3.40 6.21
 105  4.81 5.64
 106  2.40 2.19
 107  0.05 6.65
 108  5.97 0.90
 109  1.01 2.15
 110  2.40 5.73
 111  1.44 6.98
 112  4.65 0.27
 113  4.79 5.52
 114  3.75 2.87
 115  6.38 2.29
 116  1.24 0.03
 117  5.53 5.87
 118  0.49 6.11
 119  0.74 1.43
 120  1.03 6.52
 121  2.11 6.62
 122  3.54 2.31
 123  0.22 2.13
 124  5.76 5.05
 125  0.68 1.89
 126  0.83 1.23
 127  4.69 3.27
 128  5.85 3.81
 129  3.49 0.79
 130  0.37 1.99
 131  5.49 5.19
 132  6.37 2.43
 133  5.61 6.40
 134  5.39 4.97
 135  1.49 5.35
 136  3.02 3.56
 137  6.80 5.90
 138  3.04 5.65
 139  2.61 5.41
 140  3.44 3.02
 141  5.55 1.84
 142  2.55 4.53
 143  5.68 6.62
 144  2.04 4.40
 145  1.41 2.63
 146  4.70 3.82
 147  4.11 3.04
 148  5.04 2.29
 149  6.17 6.60
 150  1.41 6.68;
