1 0
2 1
3 0
4 0
5 0
6 1
7 0
8 0
9 0
10 0
11 0
12 0
13 1
14 0
15 1
16 0
17 1
18 0
19 0
20 0
21 1
22 1
23 0
24 1
25 0
26 0
27 1
28 1
29 0
30 0
31 0
32 0
33 0
34 0
35 0
36 0
37 0
38 0
39 0
40 0
41 1
42 1
43 0
44 1
45 0
46 0
47 0
48 1
49 0
50 1
51 0
52 0
53 0
54 0
55 0
56 1
57 0
58 0
59 0
60 0
61 0
62 0
63 0
64 1
65 0
66 0
67 0
68 0
69 0
70 0
71 0
72 0
73 0
74 1
75 0
76 0
77 0
78 0
79 0
80 0
81 1
82 1
83 1
84 0
85 0
86 0
87 0
88 0
89 0
90 0
91 1
92 1
93 0
94 0
95 0
96 1
97 0
98 0
99 0
100 1
101 0
102 0
103 0
104 0
105 0
106 1
107 0
108 0
109 0
110 1
111 0
112 0
113 0
114 1
115 0
116 0
117 0
118 0
119 1
120 0
121 1
122 0
123 0
124 0
125 1
126 0
127 1
128 1
129 0
130 0
131 1
132 0
133 0
134 0
135 0
136 1
137 1
138 0
139 0
140 0
141 0
142 0
143 0
144 0
145 0
146 0
147 1
148 0
149 0
150 0
151 1
152 0
153 0
154 1
155 0
156 1
157 0
158 0
159 0
160 0
161 1
162 0
163 0
164 1
165 0
166 0
167 0
168 0
169 1
170 0
171 1
172 0
173 1
174 0
175 1
176 0
177 0
178 0
179 0
180 0
181 0
182 0
183 1
184 0
185 0
186 0
187 0
188 0
189 0
190 0
191 0
192 0
193 1
194 1
195 0
196 0
197 0
198 1
199 0
200 1
201 0
202 0
203 0
204 0
205 0
206 1
207 0
208 0
209 0
210 1
211 0
212 0
213 1
214 0
215 0
216 0
217 0
218 0
219 1
220 0
221 1
222 1
223 0
224 0
225 0
226 0
227 0
228 0
229 0
230 0
231 0
232 0
233 0
234 1
235 0
236 0
237 0
238 0
239 1
240 0
241 0
242 0
243 1
244 1
245 0
246 1
247 1
248 0
249 1
250 0
251 0
252 0
253 1
254 0
255 0
256 1
257 0
258 0
259 0
260 0
261 1
262 1
263 0
264 1
265 1
266 1
267 0
268 0
269 0
270 0
271 0
272 0
273 0
274 0
275 1
276 1
277 0
278 0
279 0
280 0
281 0
282 1
283 0
284 0
285 0
286 1
287 1
288 0
289 0
290 0
291 1
292 0
293 1
294 1
295 0
296 1
297 1
298 0
299 0
300 0
301 0
302 0
303 1
304 0
305 1
306 0
307 0
308 0
309 1
310 0
311 1
312 0
313 0
314 0
315 0
316 1
317 1
318 1
319 1
320 0
321 0
322 0
323 0
324 0
325 0
326 0
327 0
328 0
329 0
330 0
331 1
332 1
333 1
334 1
335 1
336 0
337 0
338 0
339 0
340 0
341 0
342 0
343 1
344 0
345 0
346 0
347 0
348 1
349 0
350 0
351 0
352 0
353 0
354 0
355 0
356 0
357 0
358 1
359 0
360 0
361 0
362 0
363 1
364 0
365 0
366 0
367 1
368 0
369 0
370 0
371 0
372 0
373 0
374 0
375 1
376 0
377 0
378 0
379 0
380 0
381 0
382 1
383 0
384 0
385 1
386 0
387 1
388 0
389 1
390 0
391 0
392 1
393 1
394 0
395 0
396 1
397 0
398 1
399 1
400 0
401 0
402 0
403 0
404 0
405 0
406 0
407 0
408 0
409 0
410 1
411 0
412 0
413 1
414 0
415 0
416 0
417 0
418 0
419 1
420 0
421 0
422 0
423 1
424 1
425 0
426 0
427 0
428 0
429 0
430 0
431 0
432 1
433 1
434 1
435 0
436 1
437 0
438 1
439 1
440 1
441 0
442 0
443 0
444 0
445 0
446 0
447 1
448 0
449 1
450 0
451 0
452 0
453 0
454 0
455 0
456 0
457 0
458 1
459 0
460 0
461 0
462 0
463 0
464 0
465 0
466 0
467 0
468 1
469 1
470 0
471 0
472 0
473 0
474 0
475 1
476 0
477 0
478 0
479 0
480 0
481 0
482 0
483 0
484 0
485 0
486 0
487 1
488 1
489 0
490 0
491 1
492 0
493 1
494 0
495 0
496 1
497 0
498 0
499 0
500 0
501 0
502 1
503 0
504 0
505 1
506 0
507 1
508 1
509 0
510 0
511 0
512 1
513 0
514 0
515 0
516 1
517 0
518 0
519 0
520 1
521 0
522 0
523 0
524 0
525 0
526 0
527 0
528 0
529 0
530 0
531 0
532 1
533 0
534 0
535 0
536 0
537 0
538 1
539 0
540 1
541 0
542 0
543 0
544 0
545 0
546 1
547 1
548 0
549 1
550 0
551 0
552 0
553 0
554 0
555 0
556 0
557 1
558 0
559 1
560 0
561 0
562 0
563 0
564 0
565 0
566 0
567 1
568 0
569 0
570 1
571 0
572 0
573 0
574 0
575 0
576 1
577 0
578 1
579 1
580 1
581 0
582 0
583 0
584 0
585 0
586 0
587 1
588 0
589 0
590 0
591 0
592 0
593 0
594 1
595 1
596 0
597 1
598 0
599 0
600 1
601 0
602 0
603 0
604 0
605 0
606 0
607 0
608 1
609 0
610 1
611 1
612 0
613 0
614 0
615 1
616 0
617 1
618 1
619 0
620 1
621 0
622 0
623 0
624 1
625 0
