1 0
2 0
3 1
4 0
5 0
6 0
7 1
8 0
9 0
10 1
11 0
12 1
13 0
14 1
15 0
16 0
17 0
18 0
19 0
20 1
21 1
22 1
23 0
24 0
25 1
26 1
27 0
28 0
29 0
30 1
31 1
32 0
33 0
34 0
35 0
36 0
37 0
38 0
39 0
40 0
41 1
42 1
43 1
44 0
45 0
46 0
47 1
48 0
49 1
50 0
51 0
52 0
53 1
54 1
55 0
56 1
57 1
58 1
59 1
60 0
61 0
62 1
63 0
64 1
65 1
66 0
67 0
68 0
69 0
70 1
71 1
72 0
73 0
74 1
75 0
76 1
77 0
78 0
79 1
80 0
81 0
82 1
83 0
84 0
85 1
86 1
87 0
88 1
89 0
90 1
91 1
92 1
93 0
94 1
95 1
96 0
97 1
98 1
99 0
100 0
101 0
102 1
103 0
104 0
105 0
106 1
107 1
108 1
109 1
110 1
111 0
112 0
113 0
114 0
115 0
116 0
117 1
118 1
119 0
120 1
121 1
122 1
123 1
124 0
125 0
126 1
127 1
128 0
129 0
130 0
131 0
132 0
133 0
134 1
135 0
136 0
137 0
138 0
139 0
140 0
141 0
142 0
143 0
144 0
145 0
146 1
147 1
148 0
149 1
150 0
